0	0
2000000	0
2000001	0
2000002	100000
2000101	100000
2000102	0
2000103	0
2000104	-100000
2000201	-100000
2000202	0
2000203	0
4000000	0
4000001	0
4000002	-1000000
4000101	-1000000
4000102	0
4000103	0
6000000	0
6000001	0
6000002	-400000
6000251	-400000
6000252	0
6000253	0
8000000	0
8000001	0
8000002	-100000
8000101	-100000
8000102	0
8000103	0
10000000	0
10000001	0
10000002	400000
10000101	400000
10000102	0
10000103	0
10000104	-400000
10000201	-400000
10000202	0
10000203	0
12000000	0
12000001	0
12000002	160000
12000251	160000
12000252	0
12000253	0
12000254	-160000
12000501	-160000
12000502	0
12000503	0
14000000	0
14000001	0
14000002	1000000
14000101	1000000
14000102	0
14000103	0
14000104	-1000000
14000201	-1000000
14000202	0
14000203	0
16000000	0
16000001	0
16000002	-160000
16000251	-160000
16000252	0
16000253	0
18000000	0
18000001	0
18000002	800000
18000251	800000
18000252	0
18000253	0
18000254	-800000
18000501	-800000
18000502	0
18000503	0
20000000	0
20000001	0
20000002	1000000
20000251	1000000
20000252	0
20000253	0
20000254	-1000000
20000501	-1000000
20000502	0
20000503	0
22000000	0
22000001	0
22000002	200000
22000101	200000
22000102	0
22000103	0
22000104	-200000
22000201	-200000
22000202	0
22000203	0
24000000	0
24000001	0
24000002	-1000000
24000251	-1000000
24000252	0
24000253	0
26000000	0
26000001	0
26000002	600000
26000101	600000
26000102	0
26000103	0
26000104	-600000
26000201	-600000
26000202	0
26000203	0
28000000	0
28000001	0
28000002	-600000
28000101	-600000
28000102	0
28000103	0
30000000	0
30000001	0
30000002	100000
30000251	100000
30000252	0
30000253	0
30000254	-100000
30000501	-100000
30000502	0
30000503	0
32000000	0
32000001	0
32000002	600000
32000251	600000
32000252	0
32000253	0
32000254	-600000
32000501	-600000
32000502	0
32000503	0
34000000	0
34000001	0
34000002	400000
34000251	400000
34000252	0
34000253	0
34000254	-400000
34000501	-400000
34000502	0
34000503	0
36000000	0
36000001	0
36000002	-600000
36000251	-600000
36000252	0
36000253	0
38000000	0
38000001	0
38000002	-100000
38000251	-100000
38000252	0
38000253	0
40000000	0
40000001	0
40000002	-200000
40000101	-200000
40000102	0
40000103	0
42000000	0
42000001	0
42000002	800000
42000101	800000
42000102	0
42000103	0
42000104	-800000
42000201	-800000
42000202	0
42000203	0
44000000	0
44000001	0
44000002	-200000
44000251	-200000
44000252	0
44000253	0
46000000	0
46000001	0
46000002	-400000
46000101	-400000
46000102	0
46000103	0
48000000	0
48000001	0
48000002	-800000
48000101	-800000
48000102	0
48000103	0
50000000	0
50000001	0
50000002	-800000
50000251	-800000
50000252	0
50000253	0
52000000	0
52000001	0
52000002	-160000
52000101	-160000
52000102	0
52000103	0
54000000	0
54000001	0
54000002	160000
54000101	160000
54000102	0
54000103	0
54000104	-160000
54000201	-160000
54000202	0
54000203	0
56000000	0
56000001	0
56000002	200000
56000251	200000
56000252	0
56000253	0
56000254	-200000
56000501	-200000
56000502	0
56000503	0
58000000	0
58000001	0
58000002	100000
58000101	100000
58000102	0
58000103	0
58000104	-100000
58000201	-100000
58000202	0
58000203	0
60000000	0
60000001	0
60000002	400000
60000251	400000
60000252	0
60000253	0
60000254	-400000
60000501	-400000
60000502	0
60000503	0
62000000	0
62000001	0
62000002	100000
62000251	100000
62000252	0
62000253	0
62000254	-100000
62000501	-100000
62000502	0
62000503	0
64000000	0
64000001	0
64000002	-600000
64000101	-600000
64000102	0
64000103	0
66000000	0
66000001	0
66000002	400000
66000101	400000
66000102	0
66000103	0
66000104	-400000
66000201	-400000
66000202	0
66000203	0
68000000	0
68000001	0
68000002	160000
68000251	160000
68000252	0
68000253	0
68000254	-160000
68000501	-160000
68000502	0
68000503	0
70000000	0
70000001	0
70000002	-400000
70000101	-400000
70000102	0
70000103	0
72000000	0
72000001	0
72000002	-1000000
72000251	-1000000
72000252	0
72000253	0
74000000	0
74000001	0
74000002	160000
74000101	160000
74000102	0
74000103	0
74000104	-160000
74000201	-160000
74000202	0
74000203	0
76000000	0
76000001	0
76000002	-800000
76000251	-800000
76000252	0
76000253	0
78000000	0
78000001	0
78000002	800000
78000251	800000
78000252	0
78000253	0
78000254	-800000
78000501	-800000
78000502	0
78000503	0
80000000	0
80000001	0
80000002	-200000
80000101	-200000
80000102	0
80000103	0
82000000	0
82000001	0
82000002	-160000
82000251	-160000
82000252	0
82000253	0
84000000	0
84000001	0
84000002	-100000
84000251	-100000
84000252	0
84000253	0
86000000	0
86000001	0
86000002	200000
86000101	200000
86000102	0
86000103	0
86000104	-200000
86000201	-200000
86000202	0
86000203	0
88000000	0
88000001	0
88000002	-600000
88000251	-600000
88000252	0
88000253	0
90000000	0
90000001	0
90000002	-800000
90000101	-800000
90000102	0
90000103	0
92000000	0
92000001	0
92000002	-1000000
92000101	-1000000
92000102	0
92000103	0
94000000	0
94000001	0
94000002	800000
94000101	800000
94000102	0
94000103	0
94000104	-800000
94000201	-800000
94000202	0
94000203	0
96000000	0
96000001	0
96000002	1000000
96000101	1000000
96000102	0
96000103	0
96000104	-1000000
96000201	-1000000
96000202	0
96000203	0
98000000	0
98000001	0
98000002	-100000
98000101	-100000
98000102	0
98000103	0
100000000	0
100000001	0
100000002	600000
100000101	600000
100000102	0
100000103	0
100000104	-600000
100000201	-600000
100000202	0
100000203	0
102000000	0
102000001	0
102000002	-200000
102000251	-200000
102000252	0
102000253	0
104000000	0
104000001	0
104000002	600000
104000251	600000
104000252	0
104000253	0
104000254	-600000
104000501	-600000
104000502	0
104000503	0
106000000	0
106000001	0
106000002	-160000
106000101	-160000
106000102	0
106000103	0
108000000	0
108000001	0
108000002	200000
108000251	200000
108000252	0
108000253	0
108000254	-200000
108000501	-200000
108000502	0
108000503	0
110000000	0
110000001	0
110000002	1000000
110000251	1000000
110000252	0
110000253	0
110000254	-1000000
110000501	-1000000
110000502	0
110000503	0
112000000	0
112000001	0
112000002	-400000
112000251	-400000
112000252	0
112000253	0
114000000	0
114000001	0
114000002	100000
114000101	100000
114000102	0
114000103	0
114000104	-100000
114000201	-100000
114000202	0
114000203	0
116000000	0
116000001	0
116000002	600000
116000101	600000
116000102	0
116000103	0
116000104	-600000
116000201	-600000
116000202	0
116000203	0
118000000	0
118000001	0
118000002	-1000000
118000101	-1000000
118000102	0
118000103	0
120000000	0
120000001	0
120000002	-800000
120000101	-800000
120000102	0
120000103	0
122000000	0
122000001	0
122000002	-160000
122000251	-160000
122000252	0
122000253	0
124000000	0
124000001	0
124000002	600000
124000251	600000
124000252	0
124000253	0
124000254	-600000
124000501	-600000
124000502	0
124000503	0
126000000	0
126000001	0
126000002	100000
126000251	100000
126000252	0
126000253	0
126000254	-100000
126000501	-100000
126000502	0
126000503	0
128000000	0
128000001	0
128000002	400000
128000251	400000
128000252	0
128000253	0
128000254	-400000
128000501	-400000
128000502	0
128000503	0
130000000	0
130000001	0
130000002	-160000
130000101	-160000
130000102	0
130000103	0
132000000	0
132000001	0
132000002	160000
132000251	160000
132000252	0
132000253	0
132000254	-160000
132000501	-160000
132000502	0
132000503	0
134000000	0
134000001	0
134000002	-100000
134000101	-100000
134000102	0
134000103	0
136000000	0
136000001	0
136000002	800000
136000101	800000
136000102	0
136000103	0
136000104	-800000
136000201	-800000
136000202	0
136000203	0
138000000	0
138000001	0
138000002	-200000
138000101	-200000
138000102	0
138000103	0
140000000	0
140000001	0
140000002	1000000
140000101	1000000
140000102	0
140000103	0
140000104	-1000000
140000201	-1000000
140000202	0
140000203	0
142000000	0
142000001	0
142000002	-600000
142000101	-600000
142000102	0
142000103	0
144000000	0
144000001	0
144000002	-100000
144000251	-100000
144000252	0
144000253	0
146000000	0
146000001	0
146000002	800000
146000251	800000
146000252	0
146000253	0
146000254	-800000
146000501	-800000
146000502	0
146000503	0
148000000	0
148000001	0
148000002	-800000
148000251	-800000
148000252	0
148000253	0
150000000	0
150000001	0
150000002	-600000
150000251	-600000
150000252	0
150000253	0
152000000	0
152000001	0
152000002	200000
152000101	200000
152000102	0
152000103	0
152000104	-200000
152000201	-200000
152000202	0
152000203	0
154000000	0
154000001	0
154000002	-200000
154000251	-200000
154000252	0
154000253	0
156000000	0
156000001	0
156000002	200000
156000251	200000
156000252	0
156000253	0
156000254	-200000
156000501	-200000
156000502	0
156000503	0
158000000	0
158000001	0
158000002	-400000
158000251	-400000
158000252	0
158000253	0
160000000	0
160000001	0
160000002	-400000
160000101	-400000
160000102	0
160000103	0
162000000	0
162000001	0
162000002	1000000
162000251	1000000
162000252	0
162000253	0
162000254	-1000000
162000501	-1000000
162000502	0
162000503	0
164000000	0
164000001	0
164000002	400000
164000101	400000
164000102	0
164000103	0
164000104	-400000
164000201	-400000
164000202	0
164000203	0
166000000	0
166000001	0
166000002	-1000000
166000251	-1000000
166000252	0
166000253	0
168000000	0
168000001	0
168000002	160000
168000101	160000
168000102	0
168000103	0
168000104	-160000
168000201	-160000
168000202	0
168000203	0
170000000	0
170000001	0
170000002	100000
170000101	100000
170000102	0
170000103	0
170000104	-100000
170000201	-100000
170000202	0
170000203	0
172000000	0
172000001	0
172000002	600000
172000101	600000
172000102	0
172000103	0
172000104	-600000
172000201	-600000
172000202	0
172000203	0
174000000	0
174000001	0
174000002	-400000
174000101	-400000
174000102	0
174000103	0
176000000	0
176000001	0
176000002	-200000
176000251	-200000
176000252	0
176000253	0
178000000	0
178000001	0
178000002	800000
178000101	800000
178000102	0
178000103	0
178000104	-800000
178000201	-800000
178000202	0
178000203	0
180000000	0
180000001	0
180000002	800000
180000251	800000
180000252	0
180000253	0
180000254	-800000
180000501	-800000
180000502	0
180000503	0
182000000	0
182000001	0
182000002	400000
182000251	400000
182000252	0
182000253	0
182000254	-400000
182000501	-400000
182000502	0
182000503	0
184000000	0
184000001	0
184000002	-160000
184000101	-160000
184000102	0
184000103	0
186000000	0
186000001	0
186000002	-160000
186000251	-160000
186000252	0
186000253	0
188000000	0
188000001	0
188000002	1000000
188000101	1000000
188000102	0
188000103	0
188000104	-1000000
188000201	-1000000
188000202	0
188000203	0
190000000	0
190000001	0
190000002	-800000
190000251	-800000
190000252	0
190000253	0
192000000	0
192000001	0
192000002	400000
192000101	400000
192000102	0
192000103	0
192000104	-400000
192000201	-400000
192000202	0
192000203	0
194000000	0
194000001	0
194000002	200000
194000251	200000
194000252	0
194000253	0
194000254	-200000
194000501	-200000
194000502	0
194000503	0
196000000	0
196000001	0
196000002	-100000
196000101	-100000
196000102	0
196000103	0
198000000	0
198000001	0
198000002	-600000
198000251	-600000
198000252	0
198000253	0
200000000	0
200000001	0
200000002	-1000000
200000101	-1000000
200000102	0
200000103	0
202000000	0
202000001	0
202000002	-200000
202000101	-200000
202000102	0
202000103	0
204000000	0
204000001	0
204000002	-400000
204000251	-400000
204000252	0
204000253	0
206000000	0
206000001	0
206000002	-1000000
206000251	-1000000
206000252	0
206000253	0
208000000	0
208000001	0
208000002	-800000
208000101	-800000
208000102	0
208000103	0
210000000	0
210000001	0
210000002	200000
210000101	200000
210000102	0
210000103	0
210000104	-200000
210000201	-200000
210000202	0
210000203	0
212000000	0
212000001	0
212000002	-600000
212000101	-600000
212000102	0
212000103	0
214000000	0
214000001	0
214000002	160000
214000251	160000
214000252	0
214000253	0
214000254	-160000
214000501	-160000
214000502	0
214000503	0
216000000	0
216000001	0
216000002	1000000
216000251	1000000
216000252	0
216000253	0
216000254	-1000000
216000501	-1000000
216000502	0
216000503	0
218000000	0
218000001	0
218000002	-100000
218000251	-100000
218000252	0
218000253	0
220000000	0
220000001	0
220000002	100000
220000251	100000
220000252	0
220000253	0
220000254	-100000
220000501	-100000
220000502	0
220000503	0
222000000	0
222000001	0
222000002	160000
222000101	160000
222000102	0
222000103	0
222000104	-160000
222000201	-160000
222000202	0
222000203	0
224000000	0
224000001	0
224000002	600000
224000251	600000
224000252	0
224000253	0
224000254	-600000
224000501	-600000
224000502	0
224000503	0
226000000	0
226000001	0
226000002	100000
226000101	100000
226000102	0
226000103	0
226000104	-100000
226000201	-100000
226000202	0
226000203	0
228000000	0
228000001	0
228000002	-160000
228000251	-160000
228000252	0
228000253	0
230000000	0
230000001	0
230000002	-200000
230000251	-200000
230000252	0
230000253	0
232000000	0
232000001	0
232000002	200000
232000251	200000
232000252	0
232000253	0
232000254	-200000
232000501	-200000
232000502	0
232000503	0
234000000	0
234000001	0
234000002	160000
234000101	160000
234000102	0
234000103	0
234000104	-160000
234000201	-160000
234000202	0
234000203	0
236000000	0
236000001	0
236000002	-100000
236000251	-100000
236000252	0
236000253	0
238000000	0
238000001	0
238000002	-800000
238000251	-800000
238000252	0
238000253	0
240000000	0
240000001	0
240000002	160000
240000251	160000
240000252	0
240000253	0
240000254	-160000
240000501	-160000
240000502	0
240000503	0
242000000	0
242000001	0
242000002	1000000
242000251	1000000
242000252	0
242000253	0
242000254	-1000000
242000501	-1000000
242000502	0
242000503	0
244000000	0
244000001	0
244000002	600000
244000251	600000
244000252	0
244000253	0
244000254	-600000
244000501	-600000
244000502	0
244000503	0
246000000	0
246000001	0
246000002	-600000
246000101	-600000
246000102	0
246000103	0
248000000	0
248000001	0
248000002	600000
248000101	600000
248000102	0
248000103	0
248000104	-600000
248000201	-600000
248000202	0
248000203	0
250000000	0
250000001	0
250000002	-1000000
250000251	-1000000
250000252	0
250000253	0
252000000	0
252000001	0
252000002	-400000
252000101	-400000
252000102	0
252000103	0
254000000	0
254000001	0
254000002	-100000
254000101	-100000
254000102	0
254000103	0
256000000	0
256000001	0
256000002	400000
256000101	400000
256000102	0
256000103	0
256000104	-400000
256000201	-400000
256000202	0
256000203	0
258000000	0
258000001	0
258000002	800000
258000251	800000
258000252	0
258000253	0
258000254	-800000
258000501	-800000
258000502	0
258000503	0
260000000	0
260000001	0
260000002	800000
260000101	800000
260000102	0
260000103	0
260000104	-800000
260000201	-800000
260000202	0
260000203	0
262000000	0
262000001	0
262000002	100000
262000251	100000
262000252	0
262000253	0
262000254	-100000
262000501	-100000
262000502	0
262000503	0
264000000	0
264000001	0
264000002	-1000000
264000101	-1000000
264000102	0
264000103	0
266000000	0
266000001	0
266000002	-600000
266000251	-600000
266000252	0
266000253	0
268000000	0
268000001	0
268000002	-160000
268000101	-160000
268000102	0
268000103	0
270000000	0
270000001	0
270000002	1000000
270000101	1000000
270000102	0
270000103	0
270000104	-1000000
270000201	-1000000
270000202	0
270000203	0
272000000	0
272000001	0
272000002	200000
272000101	200000
272000102	0
272000103	0
272000104	-200000
272000201	-200000
272000202	0
272000203	0
274000000	0
274000001	0
274000002	-200000
274000101	-200000
274000102	0
274000103	0
276000000	0
276000001	0
276000002	-400000
276000251	-400000
276000252	0
276000253	0
278000000	0
278000001	0
278000002	-800000
278000101	-800000
278000102	0
278000103	0
280000000	0
280000001	0
280000002	400000
280000251	400000
280000252	0
280000253	0
280000254	-400000
280000501	-400000
280000502	0
280000503	0
282000000	0
282000001	0
282000002	100000
282000101	100000
282000102	0
282000103	0
282000104	-100000
282000201	-100000
282000202	0
282000203	0
284000000	0
284000001	0
284000002	-200000
284000101	-200000
284000102	0
284000103	0
286000000	0
286000001	0
286000002	-200000
286000251	-200000
286000252	0
286000253	0
288000000	0
288000001	0
288000002	-600000
288000251	-600000
288000252	0
288000253	0
290000000	0
290000001	0
290000002	800000
290000251	800000
290000252	0
290000253	0
290000254	-800000
290000501	-800000
290000502	0
290000503	0
292000000	0
292000001	0
292000002	1000000
292000251	1000000
292000252	0
292000253	0
292000254	-1000000
292000501	-1000000
292000502	0
292000503	0
294000000	0
294000001	0
294000002	160000
294000101	160000
294000102	0
294000103	0
294000104	-160000
294000201	-160000
294000202	0
294000203	0
296000000	0
296000001	0
296000002	-400000
296000251	-400000
296000252	0
296000253	0
298000000	0
298000001	0
298000002	600000
298000251	600000
298000252	0
298000253	0
298000254	-600000
298000501	-600000
298000502	0
298000503	0
300000000	0
300000001	0
300000002	200000
300000101	200000
300000102	0
300000103	0
300000104	-200000
300000201	-200000
300000202	0
300000203	0
302000000	0
302000001	0
302000002	800000
302000101	800000
302000102	0
302000103	0
302000104	-800000
302000201	-800000
302000202	0
302000203	0
304000000	0
304000001	0
304000002	-400000
304000101	-400000
304000102	0
304000103	0
306000000	0
306000001	0
306000002	600000
306000101	600000
306000102	0
306000103	0
306000104	-600000
306000201	-600000
306000202	0
306000203	0
308000000	0
308000001	0
308000002	-100000
308000101	-100000
308000102	0
308000103	0
310000000	0
310000001	0
310000002	1000000
310000101	1000000
310000102	0
310000103	0
310000104	-1000000
310000201	-1000000
310000202	0
310000203	0
312000000	0
312000001	0
312000002	-600000
312000101	-600000
312000102	0
312000103	0
314000000	0
314000001	0
314000002	160000
314000251	160000
314000252	0
314000253	0
314000254	-160000
314000501	-160000
314000502	0
314000503	0
316000000	0
316000001	0
316000002	-1000000
316000101	-1000000
316000102	0
316000103	0
318000000	0
318000001	0
318000002	-160000
318000251	-160000
318000252	0
318000253	0
320000000	0
320000001	0
320000002	-1000000
320000251	-1000000
320000252	0
320000253	0
322000000	0
322000001	0
322000002	200000
322000251	200000
322000252	0
322000253	0
322000254	-200000
322000501	-200000
322000502	0
322000503	0
324000000	0
324000001	0
324000002	-800000
324000251	-800000
324000252	0
324000253	0
326000000	0
326000001	0
326000002	400000
326000101	400000
326000102	0
326000103	0
326000104	-400000
326000201	-400000
326000202	0
326000203	0
328000000	0
328000001	0
328000002	100000
328000251	100000
328000252	0
328000253	0
328000254	-100000
328000501	-100000
328000502	0
328000503	0
330000000	0
330000001	0
330000002	-800000
330000101	-800000
330000102	0
330000103	0
332000000	0
332000001	0
332000002	-160000
332000101	-160000
332000102	0
332000103	0
334000000	0
334000001	0
334000002	-100000
334000251	-100000
334000252	0
334000253	0
336000000	0
336000001	0
336000002	400000
336000251	400000
336000252	0
336000253	0
336000254	-400000
336000501	-400000
336000502	0
336000503	0
338000000	0
338000001	0
338000002	100000
338000101	100000
338000102	0
338000103	0
338000104	-100000
338000201	-100000
338000202	0
338000203	0
340000000	0
340000001	0
340000002	1000000
340000251	1000000
340000252	0
340000253	0
340000254	-1000000
340000501	-1000000
340000502	0
340000503	0
342000000	0
342000001	0
342000002	-1000000
342000251	-1000000
342000252	0
342000253	0
344000000	0
344000001	0
344000002	800000
344000251	800000
344000252	0
344000253	0
344000254	-800000
344000501	-800000
344000502	0
344000503	0
346000000	0
346000001	0
346000002	160000
346000251	160000
346000252	0
346000253	0
346000254	-160000
346000501	-160000
346000502	0
346000503	0
348000000	0
348000001	0
348000002	400000
348000101	400000
348000102	0
348000103	0
348000104	-400000
348000201	-400000
348000202	0
348000203	0
350000000	0
350000001	0
350000002	-1000000
350000101	-1000000
350000102	0
350000103	0
352000000	0
352000001	0
352000002	600000
352000101	600000
352000102	0
352000103	0
352000104	-600000
352000201	-600000
352000202	0
352000203	0
354000000	0
354000001	0
354000002	200000
354000101	200000
354000102	0
354000103	0
354000104	-200000
354000201	-200000
354000202	0
354000203	0
356000000	0
356000001	0
356000002	-160000
356000101	-160000
356000102	0
356000103	0
358000000	0
358000001	0
358000002	-400000
358000251	-400000
358000252	0
358000253	0
360000000	0
360000001	0
360000002	-200000
360000101	-200000
360000102	0
360000103	0
362000000	0
362000001	0
362000002	200000
362000251	200000
362000252	0
362000253	0
362000254	-200000
362000501	-200000
362000502	0
362000503	0
364000000	0
364000001	0
364000002	-100000
364000101	-100000
364000102	0
364000103	0
366000000	0
366000001	0
366000002	-800000
366000101	-800000
366000102	0
366000103	0
368000000	0
368000001	0
368000002	100000
368000251	100000
368000252	0
368000253	0
368000254	-100000
368000501	-100000
368000502	0
368000503	0
370000000	0
370000001	0
370000002	-400000
370000101	-400000
370000102	0
370000103	0
372000000	0
372000001	0
372000002	-160000
372000251	-160000
372000252	0
372000253	0
374000000	0
374000001	0
374000002	600000
374000251	600000
374000252	0
374000253	0
374000254	-600000
374000501	-600000
374000502	0
374000503	0
376000000	0
376000001	0
376000002	400000
376000251	400000
376000252	0
376000253	0
376000254	-400000
376000501	-400000
376000502	0
376000503	0
378000000	0
378000001	0
378000002	-100000
378000251	-100000
378000252	0
378000253	0
380000000	0
380000001	0
380000002	160000
380000101	160000
380000102	0
380000103	0
380000104	-160000
380000201	-160000
380000202	0
380000203	0
382000000	0
382000001	0
382000002	1000000
382000101	1000000
382000102	0
382000103	0
382000104	-1000000
382000201	-1000000
382000202	0
382000203	0
384000000	0
384000001	0
384000002	800000
384000101	800000
384000102	0
384000103	0
384000104	-800000
384000201	-800000
384000202	0
384000203	0
386000000	0
386000001	0
386000002	-600000
386000101	-600000
386000102	0
386000103	0
388000000	0
388000001	0
388000002	-200000
388000251	-200000
388000252	0
388000253	0
390000000	0
390000001	0
390000002	-600000
390000251	-600000
390000252	0
390000253	0
392000000	0
392000001	0
392000002	-800000
392000251	-800000
392000252	0
392000253	0
394000000	0
394000001	0
394000002	100000
394000101	100000
394000102	0
394000103	0
394000104	-100000
394000201	-100000
394000202	0
394000203	0
396000000	0
396000001	0
396000002	200000
396000251	200000
396000252	0
396000253	0
396000254	-200000
396000501	-200000
396000502	0
396000503	0
398000000	0
398000001	0
398000002	1000000
398000101	1000000
398000102	0
398000103	0
398000104	-1000000
398000201	-1000000
398000202	0
398000203	0
400000000	0
400000001	0
400000002	800000
400000101	800000
400000102	0
400000103	0
400000104	-800000
400000201	-800000
400000202	0
400000203	0
402000000	0
402000001	0
402000002	600000
402000251	600000
402000252	0
402000253	0
402000254	-600000
402000501	-600000
402000502	0
402000503	0
404000000	0
404000001	0
404000002	100000
404000251	100000
404000252	0
404000253	0
404000254	-100000
404000501	-100000
404000502	0
404000503	0
406000000	0
406000001	0
406000002	1000000
406000251	1000000
406000252	0
406000253	0
406000254	-1000000
406000501	-1000000
406000502	0
406000503	0
408000000	0
408000001	0
408000002	-1000000
408000251	-1000000
408000252	0
408000253	0
410000000	0
410000001	0
410000002	800000
410000251	800000
410000252	0
410000253	0
410000254	-800000
410000501	-800000
410000502	0
410000503	0
412000000	0
412000001	0
412000002	-600000
412000251	-600000
412000252	0
412000253	0
414000000	0
414000001	0
414000002	-100000
414000251	-100000
414000252	0
414000253	0
416000000	0
416000001	0
416000002	-160000
416000101	-160000
416000102	0
416000103	0
418000000	0
418000001	0
418000002	-100000
418000101	-100000
418000102	0
418000103	0
420000000	0
420000001	0
420000002	-800000
420000101	-800000
420000102	0
420000103	0
422000000	0
422000001	0
422000002	200000
422000101	200000
422000102	0
422000103	0
422000104	-200000
422000201	-200000
422000202	0
422000203	0
424000000	0
424000001	0
424000002	400000
424000251	400000
424000252	0
424000253	0
424000254	-400000
424000501	-400000
424000502	0
424000503	0
426000000	0
426000001	0
426000002	-200000
426000101	-200000
426000102	0
426000103	0
428000000	0
428000001	0
428000002	-400000
428000101	-400000
428000102	0
428000103	0
430000000	0
430000001	0
430000002	-1000000
430000101	-1000000
430000102	0
430000103	0
432000000	0
432000001	0
432000002	-200000
432000251	-200000
432000252	0
432000253	0
434000000	0
434000001	0
434000002	-160000
434000251	-160000
434000252	0
434000253	0
436000000	0
436000001	0
436000002	160000
436000251	160000
436000252	0
436000253	0
436000254	-160000
436000501	-160000
436000502	0
436000503	0
438000000	0
438000001	0
438000002	-600000
438000101	-600000
438000102	0
438000103	0
440000000	0
440000001	0
440000002	-800000
440000251	-800000
440000252	0
440000253	0
442000000	0
442000001	0
442000002	-400000
442000251	-400000
442000252	0
442000253	0
444000000	0
444000001	0
444000002	400000
444000101	400000
444000102	0
444000103	0
444000104	-400000
444000201	-400000
444000202	0
444000203	0
446000000	0
446000001	0
446000002	160000
446000101	160000
446000102	0
446000103	0
446000104	-160000
446000201	-160000
446000202	0
446000203	0
448000000	0
448000001	0
448000002	600000
448000101	600000
448000102	0
448000103	0
448000104	-600000
448000201	-600000
448000202	0
448000203	0
450000000	0
450000001	0
450000002	100000
450000101	100000
450000102	0
450000103	0
450000104	-100000
450000201	-100000
450000202	0
450000203	0
452000000	0
452000001	0
452000002	600000
452000251	600000
452000252	0
452000253	0
452000254	-600000
452000501	-600000
452000502	0
452000503	0
454000000	0
454000001	0
454000002	-100000
454000101	-100000
454000102	0
454000103	0
456000000	0
456000001	0
456000002	800000
456000251	800000
456000252	0
456000253	0
456000254	-800000
456000501	-800000
456000502	0
456000503	0
458000000	0
458000001	0
458000002	-600000
458000251	-600000
458000252	0
458000253	0
460000000	0
460000001	0
460000002	200000
460000251	200000
460000252	0
460000253	0
460000254	-200000
460000501	-200000
460000502	0
460000503	0
462000000	0
462000001	0
462000002	-160000
462000101	-160000
462000102	0
462000103	0
464000000	0
464000001	0
464000002	1000000
464000251	1000000
464000252	0
464000253	0
464000254	-1000000
464000501	-1000000
464000502	0
464000503	0
466000000	0
466000001	0
466000002	-1000000
466000251	-1000000
466000252	0
466000253	0
468000000	0
468000001	0
468000002	-800000
468000101	-800000
468000102	0
468000103	0
470000000	0
470000001	0
470000002	-400000
470000251	-400000
470000252	0
470000253	0
472000000	0
472000001	0
472000002	400000
472000101	400000
472000102	0
472000103	0
472000104	-400000
472000201	-400000
472000202	0
472000203	0
474000000	0
474000001	0
474000002	-1000000
474000101	-1000000
474000102	0
474000103	0
476000000	0
476000001	0
476000002	160000
476000101	160000
476000102	0
476000103	0
476000104	-160000
476000201	-160000
476000202	0
476000203	0
478000000	0
478000001	0
478000002	100000
478000251	100000
478000252	0
478000253	0
478000254	-100000
478000501	-100000
478000502	0
478000503	0
480000000	0
480000001	0
480000002	-160000
480000251	-160000
480000252	0
480000253	0
482000000	0
482000001	0
482000002	-800000
482000251	-800000
482000252	0
482000253	0
484000000	0
484000001	0
484000002	-100000
484000251	-100000
484000252	0
484000253	0
486000000	0
486000001	0
486000002	-400000
486000101	-400000
486000102	0
486000103	0
488000000	0
488000001	0
488000002	160000
488000251	160000
488000252	0
488000253	0
488000254	-160000
488000501	-160000
488000502	0
488000503	0
490000000	0
490000001	0
490000002	400000
490000251	400000
490000252	0
490000253	0
490000254	-400000
490000501	-400000
490000502	0
490000503	0
492000000	0
492000001	0
492000002	800000
492000101	800000
492000102	0
492000103	0
492000104	-800000
492000201	-800000
492000202	0
492000203	0
494000000	0
494000001	0
494000002	-200000
494000251	-200000
494000252	0
494000253	0
496000000	0
496000001	0
496000002	200000
496000101	200000
496000102	0
496000103	0
496000104	-200000
496000201	-200000
496000202	0
496000203	0
498000000	0
498000001	0
498000002	-200000
498000101	-200000
498000102	0
498000103	0
500000000	0
500000001	0
500000002	-600000
500000101	-600000
500000102	0
500000103	0
502000000	0
502000001	0
502000002	1000000
502000101	1000000
502000102	0
502000103	0
502000104	-1000000
502000201	-1000000
502000202	0
502000203	0
504000000	0
504000001	0
504000002	600000
504000101	600000
504000102	0
504000103	0
504000104	-600000
504000201	-600000
504000202	0
504000203	0
506000000	0
506000001	0
506000002	100000
506000101	100000
506000102	0
506000103	0
506000104	-100000
506000201	-100000
506000202	0
506000203	0
508000000	0
508000001	0
508000002	-200000
508000251	-200000
508000252	0
508000253	0
510000000	0
510000001	0
510000002	800000
510000251	800000
510000252	0
510000253	0
510000254	-800000
510000501	-800000
510000502	0
510000503	0
512000000	0
512000001	0
512000002	-160000
512000251	-160000
512000252	0
512000253	0
514000000	0
514000001	0
514000002	-100000
514000251	-100000
514000252	0
514000253	0
516000000	0
516000001	0
516000002	400000
516000101	400000
516000102	0
516000103	0
516000104	-400000
516000201	-400000
516000202	0
516000203	0
518000000	0
518000001	0
518000002	160000
518000251	160000
518000252	0
518000253	0
518000254	-160000
518000501	-160000
518000502	0
518000503	0
520000000	0
520000001	0
520000002	-800000
520000101	-800000
520000102	0
520000103	0
522000000	0
522000001	0
522000002	200000
522000251	200000
522000252	0
522000253	0
522000254	-200000
522000501	-200000
522000502	0
522000503	0
524000000	0
524000001	0
524000002	-400000
524000101	-400000
524000102	0
524000103	0
526000000	0
526000001	0
526000002	600000
526000101	600000
526000102	0
526000103	0
526000104	-600000
526000201	-600000
526000202	0
526000203	0
528000000	0
528000001	0
528000002	160000
528000101	160000
528000102	0
528000103	0
528000104	-160000
528000201	-160000
528000202	0
528000203	0
530000000	0
530000001	0
530000002	400000
530000251	400000
530000252	0
530000253	0
530000254	-400000
530000501	-400000
530000502	0
530000503	0
532000000	0
532000001	0
532000002	600000
532000251	600000
532000252	0
532000253	0
532000254	-600000
532000501	-600000
532000502	0
532000503	0
534000000	0
534000001	0
534000002	1000000
534000101	1000000
534000102	0
534000103	0
534000104	-1000000
534000201	-1000000
534000202	0
534000203	0
536000000	0
536000001	0
536000002	200000
536000101	200000
536000102	0
536000103	0
536000104	-200000
536000201	-200000
536000202	0
536000203	0
538000000	0
538000001	0
538000002	-1000000
538000251	-1000000
538000252	0
538000253	0
540000000	0
540000001	0
540000002	-100000
540000101	-100000
540000102	0
540000103	0
542000000	0
542000001	0
542000002	-400000
542000251	-400000
542000252	0
542000253	0
544000000	0
544000001	0
544000002	1000000
544000251	1000000
544000252	0
544000253	0
544000254	-1000000
544000501	-1000000
544000502	0
544000503	0
546000000	0
546000001	0
546000002	100000
546000251	100000
546000252	0
546000253	0
546000254	-100000
546000501	-100000
546000502	0
546000503	0
548000000	0
548000001	0
548000002	-600000
548000101	-600000
548000102	0
548000103	0
550000000	0
550000001	0
550000002	-800000
550000251	-800000
550000252	0
550000253	0
552000000	0
552000001	0
552000002	800000
552000101	800000
552000102	0
552000103	0
552000104	-800000
552000201	-800000
552000202	0
552000203	0
554000000	0
554000001	0
554000002	-160000
554000101	-160000
554000102	0
554000103	0
556000000	0
556000001	0
556000002	-1000000
556000101	-1000000
556000102	0
556000103	0
558000000	0
558000001	0
558000002	-200000
558000101	-200000
558000102	0
558000103	0
560000000	0
560000001	0
560000002	-600000
560000251	-600000
560000252	0
560000253	0
562000000	0
562000001	0
562000002	100000
562000101	100000
562000102	0
562000103	0
562000104	-100000
562000201	-100000
562000202	0
562000203	0
564000000	0
564000001	0
564000002	-200000
564000251	-200000
564000252	0
564000253	0
566000000	0
566000001	0
566000002	600000
566000101	600000
566000102	0
566000103	0
566000104	-600000
566000201	-600000
566000202	0
566000203	0
568000000	0
568000001	0
568000002	1000000
568000101	1000000
568000102	0
568000103	0
568000104	-1000000
568000201	-1000000
568000202	0
568000203	0
570000000	0
570000001	0
570000002	-1000000
570000101	-1000000
570000102	0
570000103	0
572000000	0
572000001	0
572000002	600000
572000251	600000
572000252	0
572000253	0
572000254	-600000
572000501	-600000
572000502	0
572000503	0
574000000	0
574000001	0
574000002	160000
574000101	160000
574000102	0
574000103	0
574000104	-160000
574000201	-160000
574000202	0
574000203	0
576000000	0
576000001	0
576000002	160000
576000251	160000
576000252	0
576000253	0
576000254	-160000
576000501	-160000
576000502	0
576000503	0
578000000	0
578000001	0
578000002	-400000
578000101	-400000
578000102	0
578000103	0
580000000	0
580000001	0
580000002	-800000
580000251	-800000
580000252	0
580000253	0
582000000	0
582000001	0
582000002	-600000
582000251	-600000
582000252	0
582000253	0
584000000	0
584000001	0
584000002	400000
584000251	400000
584000252	0
584000253	0
584000254	-400000
584000501	-400000
584000502	0
584000503	0
586000000	0
586000001	0
586000002	-160000
586000101	-160000
586000102	0
586000103	0
588000000	0
588000001	0
588000002	-400000
588000251	-400000
588000252	0
588000253	0
590000000	0
590000001	0
590000002	-1000000
590000251	-1000000
590000252	0
590000253	0
592000000	0
592000001	0
592000002	-100000
592000251	-100000
592000252	0
592000253	0
594000000	0
594000001	0
594000002	200000
594000251	200000
594000252	0
594000253	0
594000254	-200000
594000501	-200000
594000502	0
594000503	0
596000000	0
596000001	0
596000002	-100000
596000101	-100000
596000102	0
596000103	0
598000000	0
598000001	0
598000002	100000
598000251	100000
598000252	0
598000253	0
598000254	-100000
598000501	-100000
598000502	0
598000503	0
600000000	0
600000001	0
600000002	800000
600000251	800000
600000252	0
600000253	0
600000254	-800000
600000501	-800000
600000502	0
600000503	0
602000000	0
602000001	0
602000002	800000
602000101	800000
602000102	0
602000103	0
602000104	-800000
602000201	-800000
602000202	0
602000203	0
604000000	0
604000001	0
604000002	-800000
604000101	-800000
604000102	0
604000103	0
606000000	0
606000001	0
606000002	-600000
606000101	-600000
606000102	0
606000103	0
608000000	0
608000001	0
608000002	200000
608000101	200000
608000102	0
608000103	0
608000104	-200000
608000201	-200000
608000202	0
608000203	0
610000000	0
610000001	0
610000002	1000000
610000251	1000000
610000252	0
610000253	0
610000254	-1000000
610000501	-1000000
610000502	0
610000503	0
612000000	0
612000001	0
612000002	-160000
612000251	-160000
612000252	0
612000253	0
614000000	0
614000001	0
614000002	-200000
614000101	-200000
614000102	0
614000103	0
616000000	0
616000001	0
616000002	400000
616000101	400000
616000102	0
616000103	0
616000104	-400000
616000201	-400000
616000202	0
616000203	0
618000000	0
618000001	0
618000002	100000
618000101	100000
618000102	0
618000103	0
618000104	-100000
618000201	-100000
618000202	0
618000203	0
620000000	0
620000001	0
620000002	800000
620000251	800000
620000252	0
620000253	0
620000254	-800000
620000501	-800000
620000502	0
620000503	0
622000000	0
622000001	0
622000002	-400000
622000251	-400000
622000252	0
622000253	0
624000000	0
624000001	0
624000002	-200000
624000101	-200000
624000102	0
624000103	0
626000000	0
626000001	0
626000002	160000
626000251	160000
626000252	0
626000253	0
626000254	-160000
626000501	-160000
626000502	0
626000503	0
628000000	0
628000001	0
628000002	-800000
628000101	-800000
628000102	0
628000103	0
630000000	0
630000001	0
630000002	800000
630000101	800000
630000102	0
630000103	0
630000104	-800000
630000201	-800000
630000202	0
630000203	0
632000000	0
632000001	0
632000002	400000
632000101	400000
632000102	0
632000103	0
632000104	-400000
632000201	-400000
632000202	0
632000203	0
634000000	0
634000001	0
634000002	160000
634000101	160000
634000102	0
634000103	0
634000104	-160000
634000201	-160000
634000202	0
634000203	0
636000000	0
636000001	0
636000002	-160000
636000101	-160000
636000102	0
636000103	0
638000000	0
638000001	0
638000002	600000
638000251	600000
638000252	0
638000253	0
638000254	-600000
638000501	-600000
638000502	0
638000503	0
640000000	0
640000001	0
640000002	200000
640000101	200000
640000102	0
640000103	0
640000104	-200000
640000201	-200000
640000202	0
640000203	0
642000000	0
642000001	0
642000002	400000
642000251	400000
642000252	0
642000253	0
642000254	-400000
642000501	-400000
642000502	0
642000503	0
644000000	0
644000001	0
644000002	-400000
644000101	-400000
644000102	0
644000103	0
646000000	0
646000001	0
646000002	-100000
646000251	-100000
646000252	0
646000253	0
648000000	0
648000001	0
648000002	-200000
648000251	-200000
648000252	0
648000253	0
650000000	0
650000001	0
650000002	-600000
650000251	-600000
650000252	0
650000253	0
652000000	0
652000001	0
652000002	600000
652000101	600000
652000102	0
652000103	0
652000104	-600000
652000201	-600000
652000202	0
652000203	0
654000000	0
654000001	0
654000002	-1000000
654000101	-1000000
654000102	0
654000103	0
656000000	0
656000001	0
656000002	-1000000
656000251	-1000000
656000252	0
656000253	0
658000000	0
658000001	0
658000002	-100000
658000101	-100000
658000102	0
658000103	0
660000000	0
660000001	0
660000002	-800000
660000251	-800000
660000252	0
660000253	0
662000000	0
662000001	0
662000002	200000
662000251	200000
662000252	0
662000253	0
662000254	-200000
662000501	-200000
662000502	0
662000503	0
664000000	0
664000001	0
664000002	1000000
664000101	1000000
664000102	0
664000103	0
664000104	-1000000
664000201	-1000000
664000202	0
664000203	0
666000000	0
666000001	0
666000002	-600000
666000101	-600000
666000102	0
666000103	0
668000000	0
668000001	0
668000002	-160000
668000251	-160000
668000252	0
668000253	0
670000000	0
670000001	0
670000002	100000
670000251	100000
670000252	0
670000253	0
670000254	-100000
670000501	-100000
670000502	0
670000503	0
672000000	0
672000001	0
672000002	1000000
672000251	1000000
672000252	0
672000253	0
672000254	-1000000
672000501	-1000000
672000502	0
672000503	0
674000000	0
674000001	0
674000002	100000
674000101	100000
674000102	0
674000103	0
674000104	-100000
674000201	-100000
674000202	0
674000203	0
676000000	0
676000001	0
676000002	-200000
676000101	-200000
676000102	0
676000103	0
678000000	0
678000001	0
678000002	600000
678000251	600000
678000252	0
678000253	0
678000254	-600000
678000501	-600000
678000502	0
678000503	0
680000000	0
680000001	0
680000002	160000
680000251	160000
680000252	0
680000253	0
680000254	-160000
680000501	-160000
680000502	0
680000503	0
682000000	0
682000001	0
682000002	-160000
682000101	-160000
682000102	0
682000103	0
684000000	0
684000001	0
684000002	600000
684000101	600000
684000102	0
684000103	0
684000104	-600000
684000201	-600000
684000202	0
684000203	0
686000000	0
686000001	0
686000002	800000
686000251	800000
686000252	0
686000253	0
686000254	-800000
686000501	-800000
686000502	0
686000503	0
688000000	0
688000001	0
688000002	-600000
688000101	-600000
688000102	0
688000103	0
690000000	0
690000001	0
690000002	400000
690000101	400000
690000102	0
690000103	0
690000104	-400000
690000201	-400000
690000202	0
690000203	0
692000000	0
692000001	0
692000002	200000
692000251	200000
692000252	0
692000253	0
692000254	-200000
692000501	-200000
692000502	0
692000503	0
694000000	0
694000001	0
694000002	800000
694000101	800000
694000102	0
694000103	0
694000104	-800000
694000201	-800000
694000202	0
694000203	0
696000000	0
696000001	0
696000002	200000
696000101	200000
696000102	0
696000103	0
696000104	-200000
696000201	-200000
696000202	0
696000203	0
698000000	0
698000001	0
698000002	-100000
698000101	-100000
698000102	0
698000103	0
700000000	0
700000001	0
700000002	-1000000
700000251	-1000000
700000252	0
700000253	0
702000000	0
702000001	0
702000002	100000
702000251	100000
702000252	0
702000253	0
702000254	-100000
702000501	-100000
702000502	0
702000503	0
704000000	0
704000001	0
704000002	-200000
704000251	-200000
704000252	0
704000253	0
706000000	0
706000001	0
706000002	400000
706000251	400000
706000252	0
706000253	0
706000254	-400000
706000501	-400000
706000502	0
706000503	0
708000000	0
708000001	0
708000002	-800000
708000101	-800000
708000102	0
708000103	0
710000000	0
710000001	0
710000002	-400000
710000101	-400000
710000102	0
710000103	0
712000000	0
712000001	0
712000002	-800000
712000251	-800000
712000252	0
712000253	0
714000000	0
714000001	0
714000002	160000
714000101	160000
714000102	0
714000103	0
714000104	-160000
714000201	-160000
714000202	0
714000203	0
716000000	0
716000001	0
716000002	1000000
716000251	1000000
716000252	0
716000253	0
716000254	-1000000
716000501	-1000000
716000502	0
716000503	0
718000000	0
718000001	0
718000002	-400000
718000251	-400000
718000252	0
718000253	0
720000000	0
720000001	0
720000002	-100000
720000251	-100000
720000252	0
720000253	0
722000000	0
722000001	0
722000002	-600000
722000251	-600000
722000252	0
722000253	0
724000000	0
724000001	0
724000002	-160000
724000251	-160000
724000252	0
724000253	0
726000000	0
726000001	0
726000002	1000000
726000101	1000000
726000102	0
726000103	0
726000104	-1000000
726000201	-1000000
726000202	0
726000203	0
728000000	0
728000001	0
728000002	-1000000
728000101	-1000000
728000102	0
728000103	0
730000000	0
730000001	0
730000002	100000
730000101	100000
730000102	0
730000103	0
730000104	-100000
730000201	-100000
730000202	0
730000203	0
732000000	0
732000001	0
732000002	1000000
732000101	1000000
732000102	0
732000103	0
732000104	-1000000
732000201	-1000000
732000202	0
732000203	0
734000000	0
734000001	0
734000002	-800000
734000251	-800000
734000252	0
734000253	0
736000000	0
736000001	0
736000002	-600000
736000251	-600000
736000252	0
736000253	0
738000000	0
738000001	0
738000002	100000
738000251	100000
738000252	0
738000253	0
738000254	-100000
738000501	-100000
738000502	0
738000503	0
740000000	0
740000001	0
740000002	-600000
740000101	-600000
740000102	0
740000103	0
742000000	0
742000001	0
742000002	160000
742000101	160000
742000102	0
742000103	0
742000104	-160000
742000201	-160000
742000202	0
742000203	0
744000000	0
744000001	0
744000002	160000
744000251	160000
744000252	0
744000253	0
744000254	-160000
744000501	-160000
744000502	0
744000503	0
746000000	0
746000001	0
746000002	800000
746000251	800000
746000252	0
746000253	0
746000254	-800000
746000501	-800000
746000502	0
746000503	0
748000000	0
748000001	0
748000002	-100000
748000251	-100000
748000252	0
748000253	0
750000000	0
750000001	0
750000002	1000000
750000251	1000000
750000252	0
750000253	0
750000254	-1000000
750000501	-1000000
750000502	0
750000503	0
752000000	0
752000001	0
752000002	600000
752000101	600000
752000102	0
752000103	0
752000104	-600000
752000201	-600000
752000202	0
752000203	0
754000000	0
754000001	0
754000002	-160000
754000251	-160000
754000252	0
754000253	0
756000000	0
756000001	0
756000002	-800000
756000101	-800000
756000102	0
756000103	0
758000000	0
758000001	0
758000002	-1000000
758000101	-1000000
758000102	0
758000103	0
760000000	0
760000001	0
760000002	400000
760000251	400000
760000252	0
760000253	0
760000254	-400000
760000501	-400000
760000502	0
760000503	0
762000000	0
762000001	0
762000002	-100000
762000101	-100000
762000102	0
762000103	0
764000000	0
764000001	0
764000002	-400000
764000101	-400000
764000102	0
764000103	0
766000000	0
766000001	0
766000002	-200000
766000251	-200000
766000252	0
766000253	0
768000000	0
768000001	0
768000002	800000
768000101	800000
768000102	0
768000103	0
768000104	-800000
768000201	-800000
768000202	0
768000203	0
770000000	0
770000001	0
770000002	600000
770000251	600000
770000252	0
770000253	0
770000254	-600000
770000501	-600000
770000502	0
770000503	0
772000000	0
772000001	0
772000002	200000
772000101	200000
772000102	0
772000103	0
772000104	-200000
772000201	-200000
772000202	0
772000203	0
774000000	0
774000001	0
774000002	-400000
774000251	-400000
774000252	0
774000253	0
776000000	0
776000001	0
776000002	-200000
776000101	-200000
776000102	0
776000103	0
778000000	0
778000001	0
778000002	-160000
778000101	-160000
778000102	0
778000103	0
780000000	0
780000001	0
780000002	-1000000
780000251	-1000000
780000252	0
780000253	0
782000000	0
782000001	0
782000002	200000
782000251	200000
782000252	0
782000253	0
782000254	-200000
782000501	-200000
782000502	0
782000503	0
784000000	0
784000001	0
784000002	400000
784000101	400000
784000102	0
784000103	0
784000104	-400000
784000201	-400000
784000202	0
784000203	0
786000000	0
786000001	0
786000002	100000
786000101	100000
786000102	0
786000103	0
786000104	-100000
786000201	-100000
786000202	0
786000203	0
788000000	0
788000001	0
788000002	-1000000
788000251	-1000000
788000252	0
788000253	0
790000000	0
790000001	0
790000002	600000
790000251	600000
790000252	0
790000253	0
790000254	-600000
790000501	-600000
790000502	0
790000503	0
792000000	0
792000001	0
792000002	-200000
792000251	-200000
792000252	0
792000253	0
794000000	0
794000001	0
794000002	800000
794000251	800000
794000252	0
794000253	0
794000254	-800000
794000501	-800000
794000502	0
794000503	0
796000000	0
796000001	0
796000002	1000000
796000251	1000000
796000252	0
796000253	0
796000254	-1000000
796000501	-1000000
796000502	0
796000503	0
798000000	0
798000001	0
798000002	-160000
798000251	-160000
798000252	0
798000253	0
800000000	0
800000001	0
800000002	100000
800000251	100000
800000252	0
800000253	0
800000254	-100000
800000501	-100000
800000502	0
800000503	0
802000000	0
802000001	0
802000002	-100000
802000101	-100000
802000102	0
802000103	0
804000000	0
804000001	0
804000002	400000
804000101	400000
804000102	0
804000103	0
804000104	-400000
804000201	-400000
804000202	0
804000203	0
806000000	0
806000001	0
806000002	-100000
806000251	-100000
806000252	0
806000253	0
808000000	0
808000001	0
808000002	400000
808000251	400000
808000252	0
808000253	0
808000254	-400000
808000501	-400000
808000502	0
808000503	0
810000000	0
810000001	0
810000002	-600000
810000101	-600000
810000102	0
810000103	0
812000000	0
812000001	0
812000002	800000
812000101	800000
812000102	0
812000103	0
812000104	-800000
812000201	-800000
812000202	0
812000203	0
814000000	0
814000001	0
814000002	200000
814000251	200000
814000252	0
814000253	0
814000254	-200000
814000501	-200000
814000502	0
814000503	0
816000000	0
816000001	0
816000002	-800000
816000101	-800000
816000102	0
816000103	0
818000000	0
818000001	0
818000002	-200000
818000101	-200000
818000102	0
818000103	0
820000000	0
820000001	0
820000002	-800000
820000251	-800000
820000252	0
820000253	0
822000000	0
822000001	0
822000002	200000
822000101	200000
822000102	0
822000103	0
822000104	-200000
822000201	-200000
822000202	0
822000203	0
824000000	0
824000001	0
824000002	1000000
824000101	1000000
824000102	0
824000103	0
824000104	-1000000
824000201	-1000000
824000202	0
824000203	0
826000000	0
826000001	0
826000002	160000
826000101	160000
826000102	0
826000103	0
826000104	-160000
826000201	-160000
826000202	0
826000203	0
828000000	0
828000001	0
828000002	-600000
828000251	-600000
828000252	0
828000253	0
830000000	0
830000001	0
830000002	-400000
830000101	-400000
830000102	0
830000103	0
832000000	0
832000001	0
832000002	-160000
832000101	-160000
832000102	0
832000103	0
834000000	0
834000001	0
834000002	-400000
834000251	-400000
834000252	0
834000253	0
836000000	0
836000001	0
836000002	600000
836000101	600000
836000102	0
836000103	0
836000104	-600000
836000201	-600000
836000202	0
836000203	0
838000000	0
838000001	0
838000002	-1000000
838000101	-1000000
838000102	0
838000103	0
840000000	0
840000001	0
840000002	160000
840000251	160000
840000252	0
840000253	0
840000254	-160000
840000501	-160000
840000502	0
840000503	0
842000000	0
842000001	0
842000002	100000
842000101	100000
842000102	0
842000103	0
842000104	-100000
842000201	-100000
842000202	0
842000203	0
844000000	0
844000001	0
844000002	800000
844000251	800000
844000252	0
844000253	0
844000254	-800000
844000501	-800000
844000502	0
844000503	0
846000000	0
846000001	0
846000002	-600000
846000101	-600000
846000102	0
846000103	0
848000000	0
848000001	0
848000002	-160000
848000251	-160000
848000252	0
848000253	0
850000000	0
850000001	0
850000002	200000
850000251	200000
850000252	0
850000253	0
850000254	-200000
850000501	-200000
850000502	0
850000503	0
852000000	0
852000001	0
852000002	200000
852000101	200000
852000102	0
852000103	0
852000104	-200000
852000201	-200000
852000202	0
852000203	0
854000000	0
854000001	0
854000002	-800000
854000251	-800000
854000252	0
854000253	0
856000000	0
856000001	0
856000002	800000
856000101	800000
856000102	0
856000103	0
856000104	-800000
856000201	-800000
856000202	0
856000203	0
858000000	0
858000001	0
858000002	160000
858000251	160000
858000252	0
858000253	0
858000254	-160000
858000501	-160000
858000502	0
858000503	0
860000000	0
860000001	0
860000002	-200000
860000251	-200000
860000252	0
860000253	0
862000000	0
862000001	0
862000002	-400000
862000101	-400000
862000102	0
862000103	0
864000000	0
864000001	0
864000002	-600000
864000251	-600000
864000252	0
864000253	0
866000000	0
866000001	0
866000002	600000
866000251	600000
866000252	0
866000253	0
866000254	-600000
866000501	-600000
866000502	0
866000503	0
868000000	0
868000001	0
868000002	400000
868000101	400000
868000102	0
868000103	0
868000104	-400000
868000201	-400000
868000202	0
868000203	0
870000000	0
870000001	0
870000002	100000
870000251	100000
870000252	0
870000253	0
870000254	-100000
870000501	-100000
870000502	0
870000503	0
872000000	0
872000001	0
872000002	600000
872000101	600000
872000102	0
872000103	0
872000104	-600000
872000201	-600000
872000202	0
872000203	0
874000000	0
874000001	0
874000002	-800000
874000101	-800000
874000102	0
874000103	0
876000000	0
876000001	0
876000002	-1000000
876000101	-1000000
876000102	0
876000103	0
878000000	0
878000001	0
878000002	-100000
878000251	-100000
878000252	0
878000253	0
880000000	0
880000001	0
880000002	-100000
880000101	-100000
880000102	0
880000103	0
882000000	0
882000001	0
882000002	-400000
882000251	-400000
882000252	0
882000253	0
884000000	0
884000001	0
884000002	1000000
884000251	1000000
884000252	0
884000253	0
884000254	-1000000
884000501	-1000000
884000502	0
884000503	0
886000000	0
886000001	0
886000002	1000000
886000101	1000000
886000102	0
886000103	0
886000104	-1000000
886000201	-1000000
886000202	0
886000203	0
888000000	0
888000001	0
888000002	400000
888000251	400000
888000252	0
888000253	0
888000254	-400000
888000501	-400000
888000502	0
888000503	0
890000000	0
890000001	0
890000002	160000
890000101	160000
890000102	0
890000103	0
890000104	-160000
890000201	-160000
890000202	0
890000203	0
892000000	0
892000001	0
892000002	-1000000
892000251	-1000000
892000252	0
892000253	0
894000000	0
894000001	0
894000002	-200000
894000101	-200000
894000102	0
894000103	0
896000000	0
896000001	0
896000002	-160000
896000101	-160000
896000102	0
896000103	0
898000000	0
898000001	0
898000002	100000
898000101	100000
898000102	0
898000103	0
898000104	-100000
898000201	-100000
898000202	0
898000203	0
900000000	0
900000001	0
900000002	-1000000
900000251	-1000000
900000252	0
900000253	0
902000000	0
902000001	0
902000002	160000
902000101	160000
902000102	0
902000103	0
902000104	-160000
902000201	-160000
902000202	0
902000203	0
904000000	0
904000001	0
904000002	-400000
904000251	-400000
904000252	0
904000253	0
906000000	0
906000001	0
906000002	160000
906000251	160000
906000252	0
906000253	0
906000254	-160000
906000501	-160000
906000502	0
906000503	0
908000000	0
908000001	0
908000002	200000
908000251	200000
908000252	0
908000253	0
908000254	-200000
908000501	-200000
908000502	0
908000503	0
910000000	0
910000001	0
910000002	600000
910000251	600000
910000252	0
910000253	0
910000254	-600000
910000501	-600000
910000502	0
910000503	0
912000000	0
912000001	0
912000002	1000000
912000101	1000000
912000102	0
912000103	0
912000104	-1000000
912000201	-1000000
912000202	0
912000203	0
914000000	0
914000001	0
914000002	-600000
914000101	-600000
914000102	0
914000103	0
916000000	0
916000001	0
916000002	-160000
916000251	-160000
916000252	0
916000253	0
918000000	0
918000001	0
918000002	200000
918000101	200000
918000102	0
918000103	0
918000104	-200000
918000201	-200000
918000202	0
918000203	0
920000000	0
920000001	0
920000002	-200000
920000101	-200000
920000102	0
920000103	0
922000000	0
922000001	0
922000002	-200000
922000251	-200000
922000252	0
922000253	0
924000000	0
924000001	0
924000002	400000
924000251	400000
924000252	0
924000253	0
924000254	-400000
924000501	-400000
924000502	0
924000503	0
926000000	0
926000001	0
926000002	-800000
926000251	-800000
926000252	0
926000253	0
928000000	0
928000001	0
928000002	100000
928000251	100000
928000252	0
928000253	0
928000254	-100000
928000501	-100000
928000502	0
928000503	0
930000000	0
930000001	0
930000002	800000
930000251	800000
930000252	0
930000253	0
930000254	-800000
930000501	-800000
930000502	0
930000503	0
932000000	0
932000001	0
932000002	-400000
932000101	-400000
932000102	0
932000103	0
934000000	0
934000001	0
934000002	-160000
934000101	-160000
934000102	0
934000103	0
936000000	0
936000001	0
936000002	-600000
936000251	-600000
936000252	0
936000253	0
938000000	0
938000001	0
938000002	600000
938000101	600000
938000102	0
938000103	0
938000104	-600000
938000201	-600000
938000202	0
938000203	0
940000000	0
940000001	0
940000002	800000
940000101	800000
940000102	0
940000103	0
940000104	-800000
940000201	-800000
940000202	0
940000203	0
942000000	0
942000001	0
942000002	-800000
942000101	-800000
942000102	0
942000103	0
944000000	0
944000001	0
944000002	-1000000
944000101	-1000000
944000102	0
944000103	0
946000000	0
946000001	0
946000002	-100000
946000101	-100000
946000102	0
946000103	0
948000000	0
948000001	0
948000002	-100000
948000251	-100000
948000252	0
948000253	0
950000000	0
950000001	0
950000002	1000000
950000251	1000000
950000252	0
950000253	0
950000254	-1000000
950000501	-1000000
950000502	0
950000503	0
952000000	0
952000001	0
952000002	400000
952000101	400000
952000102	0
952000103	0
952000104	-400000
952000201	-400000
952000202	0
952000203	0
954000000	0
954000001	0
954000002	100000
954000101	100000
954000102	0
954000103	0
954000104	-100000
954000201	-100000
954000202	0
954000203	0
956000000	0
956000001	0
956000002	-160000
956000251	-160000
956000252	0
956000253	0
958000000	0
958000001	0
958000002	600000
958000101	600000
958000102	0
958000103	0
958000104	-600000
958000201	-600000
958000202	0
958000203	0
960000000	0
960000001	0
960000002	-100000
960000101	-100000
960000102	0
960000103	0
962000000	0
962000001	0
962000002	800000
962000251	800000
962000252	0
962000253	0
962000254	-800000
962000501	-800000
962000502	0
962000503	0
964000000	0
964000001	0
964000002	-800000
964000251	-800000
964000252	0
964000253	0
966000000	0
966000001	0
966000002	-600000
966000251	-600000
966000252	0
966000253	0
968000000	0
968000001	0
968000002	-400000
968000101	-400000
968000102	0
968000103	0
970000000	0
970000001	0
970000002	400000
970000101	400000
970000102	0
970000103	0
970000104	-400000
970000201	-400000
970000202	0
970000203	0
972000000	0
972000001	0
972000002	-1000000
972000251	-1000000
972000252	0
972000253	0
974000000	0
974000001	0
974000002	160000
974000101	160000
974000102	0
974000103	0
974000104	-160000
974000201	-160000
974000202	0
974000203	0
976000000	0
976000001	0
976000002	100000
976000251	100000
976000252	0
976000253	0
976000254	-100000
976000501	-100000
976000502	0
976000503	0
978000000	0
978000001	0
978000002	-200000
978000251	-200000
978000252	0
978000253	0
980000000	0
980000001	0
980000002	1000000
980000101	1000000
980000102	0
980000103	0
980000104	-1000000
980000201	-1000000
980000202	0
980000203	0
982000000	0
982000001	0
982000002	-160000
982000101	-160000
982000102	0
982000103	0
984000000	0
984000001	0
984000002	-600000
984000101	-600000
984000102	0
984000103	0
986000000	0
986000001	0
986000002	-200000
986000101	-200000
986000102	0
986000103	0
988000000	0
988000001	0
988000002	200000
988000251	200000
988000252	0
988000253	0
988000254	-200000
988000501	-200000
988000502	0
988000503	0
990000000	0
990000001	0
990000002	600000
990000251	600000
990000252	0
990000253	0
990000254	-600000
990000501	-600000
990000502	0
990000503	0
992000000	0
992000001	0
992000002	200000
992000101	200000
992000102	0
992000103	0
992000104	-200000
992000201	-200000
992000202	0
992000203	0
994000000	0
994000001	0
994000002	-400000
994000251	-400000
994000252	0
994000253	0
996000000	0
996000001	0
996000002	-1000000
996000101	-1000000
996000102	0
996000103	0
998000000	0
998000001	0
998000002	1000000
998000251	1000000
998000252	0
998000253	0
998000254	-1000000
998000501	-1000000
998000502	0
998000503	0
1000000000	0
1000000001	0
1000000002	-100000
1000000251	-100000
1000000252	0
1000000253	0
1002000000	0
1002000001	0
1002000002	800000
1002000101	800000
1002000102	0
1002000103	0
1002000104	-800000
1002000201	-800000
1002000202	0
1002000203	0
1004000000	0
1004000001	0
1004000002	400000
1004000251	400000
1004000252	0
1004000253	0
1004000254	-400000
1004000501	-400000
1004000502	0
1004000503	0
1006000000	0
1006000001	0
1006000002	160000
1006000251	160000
1006000252	0
1006000253	0
1006000254	-160000
1006000501	-160000
1006000502	0
1006000503	0
1008000000	0
1008000001	0
1008000002	-800000
1008000101	-800000
1008000102	0
1008000103	0
1010000000	0
1010000001	0
1010000002	100000
1010000101	100000
1010000102	0
1010000103	0
1010000104	-100000
1010000201	-100000
1010000202	0
1010000203	0
1012000000	0
1012000001	0
1012000002	-1000000
1012000101	-1000000
1012000102	0
1012000103	0
1014000000	0
1014000001	0
1014000002	200000
1014000251	200000
1014000252	0
1014000253	0
1014000254	-200000
1014000501	-200000
1014000502	0
1014000503	0
1016000000	0
1016000001	0
1016000002	-160000
1016000251	-160000
1016000252	0
1016000253	0
1018000000	0
1018000001	0
1018000002	-400000
1018000101	-400000
1018000102	0
1018000103	0
1020000000	0
1020000001	0
1020000002	-800000
1020000251	-800000
1020000252	0
1020000253	0
1022000000	0
1022000001	0
1022000002	-800000
1022000101	-800000
1022000102	0
1022000103	0
1024000000	0
1024000001	0
1024000002	-1000000
1024000251	-1000000
1024000252	0
1024000253	0
1026000000	0
1026000001	0
1026000002	-160000
1026000101	-160000
1026000102	0
1026000103	0
1028000000	0
1028000001	0
1028000002	800000
1028000251	800000
1028000252	0
1028000253	0
1028000254	-800000
1028000501	-800000
1028000502	0
1028000503	0
1030000000	0
1030000001	0
1030000002	-400000
1030000251	-400000
1030000252	0
1030000253	0
1032000000	0
1032000001	0
1032000002	-200000
1032000251	-200000
1032000252	0
1032000253	0
1034000000	0
1034000001	0
1034000002	600000
1034000251	600000
1034000252	0
1034000253	0
1034000254	-600000
1034000501	-600000
1034000502	0
1034000503	0
1036000000	0
1036000001	0
1036000002	160000
1036000251	160000
1036000252	0
1036000253	0
1036000254	-160000
1036000501	-160000
1036000502	0
1036000503	0
1038000000	0
1038000001	0
1038000002	-600000
1038000251	-600000
1038000252	0
1038000253	0
1040000000	0
1040000001	0
1040000002	100000
1040000251	100000
1040000252	0
1040000253	0
1040000254	-100000
1040000501	-100000
1040000502	0
1040000503	0
1042000000	0
1042000001	0
1042000002	800000
1042000101	800000
1042000102	0
1042000103	0
1042000104	-800000
1042000201	-800000
1042000202	0
1042000203	0
1044000000	0
1044000001	0
1044000002	-100000
1044000251	-100000
1044000252	0
1044000253	0
1046000000	0
1046000001	0
1046000002	200000
1046000101	200000
1046000102	0
1046000103	0
1046000104	-200000
1046000201	-200000
1046000202	0
1046000203	0
1048000000	0
1048000001	0
1048000002	-600000
1048000101	-600000
1048000102	0
1048000103	0
1050000000	0
1050000001	0
1050000002	600000
1050000101	600000
1050000102	0
1050000103	0
1050000104	-600000
1050000201	-600000
1050000202	0
1050000203	0
1052000000	0
1052000001	0
1052000002	1000000
1052000251	1000000
1052000252	0
1052000253	0
1052000254	-1000000
1052000501	-1000000
1052000502	0
1052000503	0
1054000000	0
1054000001	0
1054000002	400000
1054000251	400000
1054000252	0
1054000253	0
1054000254	-400000
1054000501	-400000
1054000502	0
1054000503	0
1056000000	0
1056000001	0
1056000002	1000000
1056000101	1000000
1056000102	0
1056000103	0
1056000104	-1000000
1056000201	-1000000
1056000202	0
1056000203	0
1058000000	0
1058000001	0
1058000002	-200000
1058000101	-200000
1058000102	0
1058000103	0
1060000000	0
1060000001	0
1060000002	400000
1060000101	400000
1060000102	0
1060000103	0
1060000104	-400000
1060000201	-400000
1060000202	0
1060000203	0
1062000000	0
1062000001	0
1062000002	160000
1062000101	160000
1062000102	0
1062000103	0
1062000104	-160000
1062000201	-160000
1062000202	0
1062000203	0
1064000000	0
1064000001	0
1064000002	-100000
1064000101	-100000
1064000102	0
1064000103	0
1066000000	0
1066000001	0
1066000002	100000
1066000101	100000
1066000102	0
1066000103	0
1066000104	-100000
1066000201	-100000
1066000202	0
1066000203	0
1068000000	0
1068000001	0
1068000002	-600000
1068000251	-600000
1068000252	0
1068000253	0
1070000000	0
1070000001	0
1070000002	100000
1070000251	100000
1070000252	0
1070000253	0
1070000254	-100000
1070000501	-100000
1070000502	0
1070000503	0
1072000000	0
1072000001	0
1072000002	-400000
1072000251	-400000
1072000252	0
1072000253	0
1074000000	0
1074000001	0
1074000002	-1000000
1074000251	-1000000
1074000252	0
1074000253	0
1076000000	0
1076000001	0
1076000002	-1000000
1076000101	-1000000
1076000102	0
1076000103	0
1078000000	0
1078000001	0
1078000002	160000
1078000251	160000
1078000252	0
1078000253	0
1078000254	-160000
1078000501	-160000
1078000502	0
1078000503	0
1080000000	0
1080000001	0
1080000002	600000
1080000101	600000
1080000102	0
1080000103	0
1080000104	-600000
1080000201	-600000
1080000202	0
1080000203	0
1082000000	0
1082000001	0
1082000002	1000000
1082000101	1000000
1082000102	0
1082000103	0
1082000104	-1000000
1082000201	-1000000
1082000202	0
1082000203	0
1084000000	0
1084000001	0
1084000002	-600000
1084000101	-600000
1084000102	0
1084000103	0
1086000000	0
1086000001	0
1086000002	-200000
1086000101	-200000
1086000102	0
1086000103	0
1088000000	0
1088000001	0
1088000002	800000
1088000251	800000
1088000252	0
1088000253	0
1088000254	-800000
1088000501	-800000
1088000502	0
1088000503	0
1090000000	0
1090000001	0
1090000002	-400000
1090000101	-400000
1090000102	0
1090000103	0
1092000000	0
1092000001	0
1092000002	1000000
1092000251	1000000
1092000252	0
1092000253	0
1092000254	-1000000
1092000501	-1000000
1092000502	0
1092000503	0
1094000000	0
1094000001	0
1094000002	-160000
1094000101	-160000
1094000102	0
1094000103	0
1096000000	0
1096000001	0
1096000002	400000
1096000251	400000
1096000252	0
1096000253	0
1096000254	-400000
1096000501	-400000
1096000502	0
1096000503	0
1098000000	0
1098000001	0
1098000002	-160000
1098000251	-160000
1098000252	0
1098000253	0
1100000000	0
1100000001	0
1100000002	200000
1100000251	200000
1100000252	0
1100000253	0
1100000254	-200000
1100000501	-200000
1100000502	0
1100000503	0
1102000000	0
1102000001	0
1102000002	160000
1102000101	160000
1102000102	0
1102000103	0
1102000104	-160000
1102000201	-160000
1102000202	0
1102000203	0
1104000000	0
1104000001	0
1104000002	600000
1104000251	600000
1104000252	0
1104000253	0
1104000254	-600000
1104000501	-600000
1104000502	0
1104000503	0
1106000000	0
1106000001	0
1106000002	-200000
1106000251	-200000
1106000252	0
1106000253	0
1108000000	0
1108000001	0
1108000002	200000
1108000101	200000
1108000102	0
1108000103	0
1108000104	-200000
1108000201	-200000
1108000202	0
1108000203	0
1110000000	0
1110000001	0
1110000002	400000
1110000101	400000
1110000102	0
1110000103	0
1110000104	-400000
1110000201	-400000
1110000202	0
1110000203	0
1112000000	0
1112000001	0
1112000002	-100000
1112000101	-100000
1112000102	0
1112000103	0
1114000000	0
1114000001	0
1114000002	-800000
1114000251	-800000
1114000252	0
1114000253	0
1116000000	0
1116000001	0
1116000002	-800000
1116000101	-800000
1116000102	0
1116000103	0
1118000000	0
1118000001	0
1118000002	800000
1118000101	800000
1118000102	0
1118000103	0
1118000104	-800000
1118000201	-800000
1118000202	0
1118000203	0
1120000000	0
1120000001	0
1120000002	-100000
1120000251	-100000
1120000252	0
1120000253	0
1122000000	0
1122000001	0
1122000002	100000
1122000101	100000
1122000102	0
1122000103	0
1122000104	-100000
1122000201	-100000
1122000202	0
1122000203	0
1124000000	0
1124000001	0
1124000002	-600000
1124000101	-600000
1124000102	0
1124000103	0
1126000000	0
1126000001	0
1126000002	600000
1126000101	600000
1126000102	0
1126000103	0
1126000104	-600000
1126000201	-600000
1126000202	0
1126000203	0
1128000000	0
1128000001	0
1128000002	-160000
1128000101	-160000
1128000102	0
1128000103	0
1130000000	0
1130000001	0
1130000002	-1000000
1130000101	-1000000
1130000102	0
1130000103	0
1132000000	0
1132000001	0
1132000002	200000
1132000251	200000
1132000252	0
1132000253	0
1132000254	-200000
1132000501	-200000
1132000502	0
1132000503	0
1134000000	0
1134000001	0
1134000002	800000
1134000101	800000
1134000102	0
1134000103	0
1134000104	-800000
1134000201	-800000
1134000202	0
1134000203	0
1136000000	0
1136000001	0
1136000002	1000000
1136000251	1000000
1136000252	0
1136000253	0
1136000254	-1000000
1136000501	-1000000
1136000502	0
1136000503	0
1138000000	0
1138000001	0
1138000002	1000000
1138000101	1000000
1138000102	0
1138000103	0
1138000104	-1000000
1138000201	-1000000
1138000202	0
1138000203	0
1140000000	0
1140000001	0
1140000002	-800000
1140000101	-800000
1140000102	0
1140000103	0
1142000000	0
1142000001	0
1142000002	100000
1142000251	100000
1142000252	0
1142000253	0
1142000254	-100000
1142000501	-100000
1142000502	0
1142000503	0
1144000000	0
1144000001	0
1144000002	800000
1144000251	800000
1144000252	0
1144000253	0
1144000254	-800000
1144000501	-800000
1144000502	0
1144000503	0
1146000000	0
1146000001	0
1146000002	-160000
1146000251	-160000
1146000252	0
1146000253	0
1148000000	0
1148000001	0
1148000002	200000
1148000101	200000
1148000102	0
1148000103	0
1148000104	-200000
1148000201	-200000
1148000202	0
1148000203	0
1150000000	0
1150000001	0
1150000002	160000
1150000101	160000
1150000102	0
1150000103	0
1150000104	-160000
1150000201	-160000
1150000202	0
1150000203	0
1152000000	0
1152000001	0
1152000002	-100000
1152000101	-100000
1152000102	0
1152000103	0
1154000000	0
1154000001	0
1154000002	-1000000
1154000251	-1000000
1154000252	0
1154000253	0
1156000000	0
1156000001	0
1156000002	-600000
1156000251	-600000
1156000252	0
1156000253	0
1158000000	0
1158000001	0
1158000002	400000
1158000251	400000
1158000252	0
1158000253	0
1158000254	-400000
1158000501	-400000
1158000502	0
1158000503	0
1160000000	0
1160000001	0
1160000002	160000
1160000251	160000
1160000252	0
1160000253	0
1160000254	-160000
1160000501	-160000
1160000502	0
1160000503	0
1162000000	0
1162000001	0
1162000002	-200000
1162000251	-200000
1162000252	0
1162000253	0
1164000000	0
1164000001	0
1164000002	400000
1164000101	400000
1164000102	0
1164000103	0
1164000104	-400000
1164000201	-400000
1164000202	0
1164000203	0
1166000000	0
1166000001	0
1166000002	-400000
1166000101	-400000
1166000102	0
1166000103	0
1168000000	0
1168000001	0
1168000002	-800000
1168000251	-800000
1168000252	0
1168000253	0
1170000000	0
1170000001	0
1170000002	600000
1170000251	600000
1170000252	0
1170000253	0
1170000254	-600000
1170000501	-600000
1170000502	0
1170000503	0
1172000000	0
1172000001	0
1172000002	-100000
1172000251	-100000
1172000252	0
1172000253	0
1174000000	0
1174000001	0
1174000002	-200000
1174000101	-200000
1174000102	0
1174000103	0
1176000000	0
1176000001	0
1176000002	-400000
1176000251	-400000
1176000252	0
1176000253	0
1178000000	0
1178000001	0
1178000002	100000
1178000101	100000
1178000102	0
1178000103	0
1178000104	-100000
1178000201	-100000
1178000202	0
1178000203	0
1180000000	0
1180000001	0
1180000002	600000
1180000101	600000
1180000102	0
1180000103	0
1180000104	-600000
1180000201	-600000
1180000202	0
1180000203	0
1182000000	0
1182000001	0
1182000002	-400000
1182000251	-400000
1182000252	0
1182000253	0
1184000000	0
1184000001	0
1184000002	160000
1184000101	160000
1184000102	0
1184000103	0
1184000104	-160000
1184000201	-160000
1184000202	0
1184000203	0
1186000000	0
1186000001	0
1186000002	100000
1186000251	100000
1186000252	0
1186000253	0
1186000254	-100000
1186000501	-100000
1186000502	0
1186000503	0
1188000000	0
1188000001	0
1188000002	-160000
1188000101	-160000
1188000102	0
1188000103	0
1190000000	0
1190000001	0
1190000002	160000
1190000251	160000
1190000252	0
1190000253	0
1190000254	-160000
1190000501	-160000
1190000502	0
1190000503	0
1192000000	0
1192000001	0
1192000002	-100000
1192000251	-100000
1192000252	0
1192000253	0
1194000000	0
1194000001	0
1194000002	600000
1194000251	600000
1194000252	0
1194000253	0
1194000254	-600000
1194000501	-600000
1194000502	0
1194000503	0
1196000000	0
1196000001	0
1196000002	200000
1196000101	200000
1196000102	0
1196000103	0
1196000104	-200000
1196000201	-200000
1196000202	0
1196000203	0
1198000000	0
1198000001	0
1198000002	-800000
1198000101	-800000
1198000102	0
1198000103	0
1200000000	0
1200000001	0
1200000002	-100000
1200000101	-100000
1200000102	0
1200000103	0
1202000000	0
1202000001	0
1202000002	-200000
1202000251	-200000
1202000252	0
1202000253	0
1204000000	0
1204000001	0
1204000002	-600000
1204000101	-600000
1204000102	0
1204000103	0
1206000000	0
1206000001	0
1206000002	-400000
1206000101	-400000
1206000102	0
1206000103	0
1208000000	0
1208000001	0
1208000002	1000000
1208000251	1000000
1208000252	0
1208000253	0
1208000254	-1000000
1208000501	-1000000
1208000502	0
1208000503	0
1210000000	0
1210000001	0
1210000002	1000000
1210000101	1000000
1210000102	0
1210000103	0
1210000104	-1000000
1210000201	-1000000
1210000202	0
1210000203	0
1212000000	0
1212000001	0
1212000002	-1000000
1212000101	-1000000
1212000102	0
1212000103	0
1214000000	0
1214000001	0
1214000002	400000
1214000101	400000
1214000102	0
1214000103	0
1214000104	-400000
1214000201	-400000
1214000202	0
1214000203	0
1216000000	0
1216000001	0
1216000002	-600000
1216000251	-600000
1216000252	0
1216000253	0
1218000000	0
1218000001	0
1218000002	800000
1218000251	800000
1218000252	0
1218000253	0
1218000254	-800000
1218000501	-800000
1218000502	0
1218000503	0
1220000000	0
1220000001	0
1220000002	-1000000
1220000251	-1000000
1220000252	0
1220000253	0
1222000000	0
1222000001	0
1222000002	-160000
1222000251	-160000
1222000252	0
1222000253	0
1224000000	0
1224000001	0
1224000002	200000
1224000251	200000
1224000252	0
1224000253	0
1224000254	-200000
1224000501	-200000
1224000502	0
1224000503	0
1226000000	0
1226000001	0
1226000002	-800000
1226000251	-800000
1226000252	0
1226000253	0
1228000000	0
1228000001	0
1228000002	400000
1228000251	400000
1228000252	0
1228000253	0
1228000254	-400000
1228000501	-400000
1228000502	0
1228000503	0
1230000000	0
1230000001	0
1230000002	-200000
1230000101	-200000
1230000102	0
1230000103	0
1232000000	0
1232000001	0
1232000002	800000
1232000101	800000
1232000102	0
1232000103	0
1232000104	-800000
1232000201	-800000
1232000202	0
1232000203	0
1234000000	0
1234000001	0
1234000002	100000
1234000101	100000
1234000102	0
1234000103	0
1234000104	-100000
1234000201	-100000
1234000202	0
1234000203	0
1236000000	0
1236000001	0
1236000002	-1000000
1236000251	-1000000
1236000252	0
1236000253	0
1238000000	0
1238000001	0
1238000002	400000
1238000101	400000
1238000102	0
1238000103	0
1238000104	-400000
1238000201	-400000
1238000202	0
1238000203	0
1240000000	0
1240000001	0
1240000002	800000
1240000251	800000
1240000252	0
1240000253	0
1240000254	-800000
1240000501	-800000
1240000502	0
1240000503	0
1242000000	0
1242000001	0
1242000002	400000
1242000251	400000
1242000252	0
1242000253	0
1242000254	-400000
1242000501	-400000
1242000502	0
1242000503	0
1244000000	0
1244000001	0
1244000002	-600000
1244000101	-600000
1244000102	0
1244000103	0
1246000000	0
1246000001	0
1246000002	-800000
1246000101	-800000
1246000102	0
1246000103	0
1248000000	0
1248000001	0
1248000002	800000
1248000101	800000
1248000102	0
1248000103	0
1248000104	-800000
1248000201	-800000
1248000202	0
1248000203	0
1250000000	0
1250000001	0
1250000002	200000
1250000251	200000
1250000252	0
1250000253	0
1250000254	-200000
1250000501	-200000
1250000502	0
1250000503	0
1252000000	0
1252000001	0
1252000002	-800000
1252000251	-800000
1252000252	0
1252000253	0
1254000000	0
1254000001	0
1254000002	-160000
1254000251	-160000
1254000252	0
1254000253	0
1256000000	0
1256000001	0
1256000002	-200000
1256000251	-200000
1256000252	0
1256000253	0
1258000000	0
1258000001	0
1258000002	160000
1258000101	160000
1258000102	0
1258000103	0
1258000104	-160000
1258000201	-160000
1258000202	0
1258000203	0
1260000000	0
1260000001	0
1260000002	-600000
1260000251	-600000
1260000252	0
1260000253	0
1262000000	0
1262000001	0
1262000002	100000
1262000251	100000
1262000252	0
1262000253	0
1262000254	-100000
1262000501	-100000
1262000502	0
1262000503	0
1264000000	0
1264000001	0
1264000002	1000000
1264000251	1000000
1264000252	0
1264000253	0
1264000254	-1000000
1264000501	-1000000
1264000502	0
1264000503	0
1266000000	0
1266000001	0
1266000002	-1000000
1266000101	-1000000
1266000102	0
1266000103	0
1268000000	0
1268000001	0
1268000002	-100000
1268000101	-100000
1268000102	0
1268000103	0
1270000000	0
1270000001	0
1270000002	200000
1270000101	200000
1270000102	0
1270000103	0
1270000104	-200000
1270000201	-200000
1270000202	0
1270000203	0
1272000000	0
1272000001	0
1272000002	600000
1272000101	600000
1272000102	0
1272000103	0
1272000104	-600000
1272000201	-600000
1272000202	0
1272000203	0
1274000000	0
1274000001	0
1274000002	1000000
1274000101	1000000
1274000102	0
1274000103	0
1274000104	-1000000
1274000201	-1000000
1274000202	0
1274000203	0
1276000000	0
1276000001	0
1276000002	-400000
1276000101	-400000
1276000102	0
1276000103	0
1278000000	0
1278000001	0
1278000002	-160000
1278000101	-160000
1278000102	0
1278000103	0
1280000000	0
1280000001	0
1280000002	160000
1280000251	160000
1280000252	0
1280000253	0
1280000254	-160000
1280000501	-160000
1280000502	0
1280000503	0
1282000000	0
1282000001	0
1282000002	-100000
1282000251	-100000
1282000252	0
1282000253	0
1284000000	0
1284000001	0
1284000002	-400000
1284000251	-400000
1284000252	0
1284000253	0
1286000000	0
1286000001	0
1286000002	600000
1286000251	600000
1286000252	0
1286000253	0
1286000254	-600000
1286000501	-600000
1286000502	0
1286000503	0
1288000000	0
1288000001	0
1288000002	-200000
1288000101	-200000
1288000102	0
1288000103	0
1290000000	0
1290000001	0
1290000002	100000
1290000101	100000
1290000102	0
1290000103	0
1290000104	-100000
1290000201	-100000
1290000202	0
1290000203	0
1292000000	0
1292000001	0
1292000002	-400000
1292000251	-400000
1292000252	0
1292000253	0
1294000000	0
1294000001	0
1294000002	400000
1294000101	400000
1294000102	0
1294000103	0
1294000104	-400000
1294000201	-400000
1294000202	0
1294000203	0
1296000000	0
1296000001	0
1296000002	-600000
1296000251	-600000
1296000252	0
1296000253	0
1298000000	0
1298000001	0
1298000002	-600000
1298000101	-600000
1298000102	0
1298000103	0
1300000000	0
1300000001	0
1300000002	-160000
1300000101	-160000
1300000102	0
1300000103	0
1302000000	0
1302000001	0
1302000002	-160000
1302000251	-160000
1302000252	0
1302000253	0
1304000000	0
1304000001	0
1304000002	160000
1304000101	160000
1304000102	0
1304000103	0
1304000104	-160000
1304000201	-160000
1304000202	0
1304000203	0
1306000000	0
1306000001	0
1306000002	-100000
1306000101	-100000
1306000102	0
1306000103	0
1308000000	0
1308000001	0
1308000002	-800000
1308000251	-800000
1308000252	0
1308000253	0
1310000000	0
1310000001	0
1310000002	-100000
1310000251	-100000
1310000252	0
1310000253	0
1312000000	0
1312000001	0
1312000002	-1000000
1312000101	-1000000
1312000102	0
1312000103	0
1314000000	0
1314000001	0
1314000002	-400000
1314000101	-400000
1314000102	0
1314000103	0
1316000000	0
1316000001	0
1316000002	600000
1316000101	600000
1316000102	0
1316000103	0
1316000104	-600000
1316000201	-600000
1316000202	0
1316000203	0
1318000000	0
1318000001	0
1318000002	1000000
1318000251	1000000
1318000252	0
1318000253	0
1318000254	-1000000
1318000501	-1000000
1318000502	0
1318000503	0
1320000000	0
1320000001	0
1320000002	-800000
1320000101	-800000
1320000102	0
1320000103	0
1322000000	0
1322000001	0
1322000002	1000000
1322000101	1000000
1322000102	0
1322000103	0
1322000104	-1000000
1322000201	-1000000
1322000202	0
1322000203	0
1324000000	0
1324000001	0
1324000002	400000
1324000251	400000
1324000252	0
1324000253	0
1324000254	-400000
1324000501	-400000
1324000502	0
1324000503	0
1326000000	0
1326000001	0
1326000002	-1000000
1326000251	-1000000
1326000252	0
1326000253	0
1328000000	0
1328000001	0
1328000002	800000
1328000251	800000
1328000252	0
1328000253	0
1328000254	-800000
1328000501	-800000
1328000502	0
1328000503	0
1330000000	0
1330000001	0
1330000002	100000
1330000251	100000
1330000252	0
1330000253	0
1330000254	-100000
1330000501	-100000
1330000502	0
1330000503	0
1332000000	0
1332000001	0
1332000002	-200000
1332000251	-200000
1332000252	0
1332000253	0
1334000000	0
1334000001	0
1334000002	160000
1334000251	160000
1334000252	0
1334000253	0
1334000254	-160000
1334000501	-160000
1334000502	0
1334000503	0
1336000000	0
1336000001	0
1336000002	200000
1336000251	200000
1336000252	0
1336000253	0
1336000254	-200000
1336000501	-200000
1336000502	0
1336000503	0
1338000000	0
1338000001	0
1338000002	-200000
1338000101	-200000
1338000102	0
1338000103	0
1340000000	0
1340000001	0
1340000002	800000
1340000101	800000
1340000102	0
1340000103	0
1340000104	-800000
1340000201	-800000
1340000202	0
1340000203	0
1342000000	0
1342000001	0
1342000002	600000
1342000251	600000
1342000252	0
1342000253	0
1342000254	-600000
1342000501	-600000
1342000502	0
1342000503	0
1344000000	0
1344000001	0
1344000002	200000
1344000101	200000
1344000102	0
1344000103	0
1344000104	-200000
1344000201	-200000
1344000202	0
1344000203	0
1346000000	0
1346000001	0
1346000002	100000
1346000101	100000
1346000102	0
1346000103	0
1346000104	-100000
1346000201	-100000
1346000202	0
1346000203	0
1348000000	0
1348000001	0
1348000002	600000
1348000101	600000
1348000102	0
1348000103	0
1348000104	-600000
1348000201	-600000
1348000202	0
1348000203	0
1350000000	0
1350000001	0
1350000002	-200000
1350000101	-200000
1350000102	0
1350000103	0
1352000000	0
1352000001	0
1352000002	-1000000
1352000101	-1000000
1352000102	0
1352000103	0
1354000000	0
1354000001	0
1354000002	200000
1354000101	200000
1354000102	0
1354000103	0
1354000104	-200000
1354000201	-200000
1354000202	0
1354000203	0
1356000000	0
1356000001	0
1356000002	600000
1356000251	600000
1356000252	0
1356000253	0
1356000254	-600000
1356000501	-600000
1356000502	0
1356000503	0
1358000000	0
1358000001	0
1358000002	-600000
1358000251	-600000
1358000252	0
1358000253	0
1360000000	0
1360000001	0
1360000002	-600000
1360000101	-600000
1360000102	0
1360000103	0
1362000000	0
1362000001	0
1362000002	-400000
1362000251	-400000
1362000252	0
1362000253	0
1364000000	0
1364000001	0
1364000002	400000
1364000251	400000
1364000252	0
1364000253	0
1364000254	-400000
1364000501	-400000
1364000502	0
1364000503	0
1366000000	0
1366000001	0
1366000002	200000
1366000251	200000
1366000252	0
1366000253	0
1366000254	-200000
1366000501	-200000
1366000502	0
1366000503	0
1368000000	0
1368000001	0
1368000002	800000
1368000101	800000
1368000102	0
1368000103	0
1368000104	-800000
1368000201	-800000
1368000202	0
1368000203	0
1370000000	0
1370000001	0
1370000002	-1000000
1370000251	-1000000
1370000252	0
1370000253	0
1372000000	0
1372000001	0
1372000002	-800000
1372000101	-800000
1372000102	0
1372000103	0
1374000000	0
1374000001	0
1374000002	800000
1374000251	800000
1374000252	0
1374000253	0
1374000254	-800000
1374000501	-800000
1374000502	0
1374000503	0
1376000000	0
1376000001	0
1376000002	100000
1376000251	100000
1376000252	0
1376000253	0
1376000254	-100000
1376000501	-100000
1376000502	0
1376000503	0
1378000000	0
1378000001	0
1378000002	-400000
1378000101	-400000
1378000102	0
1378000103	0
1380000000	0
1380000001	0
1380000002	-200000
1380000251	-200000
1380000252	0
1380000253	0
1382000000	0
1382000001	0
1382000002	-800000
1382000251	-800000
1382000252	0
1382000253	0
1384000000	0
1384000001	0
1384000002	1000000
1384000251	1000000
1384000252	0
1384000253	0
1384000254	-1000000
1384000501	-1000000
1384000502	0
1384000503	0
1386000000	0
1386000001	0
1386000002	-100000
1386000101	-100000
1386000102	0
1386000103	0
1388000000	0
1388000001	0
1388000002	400000
1388000101	400000
1388000102	0
1388000103	0
1388000104	-400000
1388000201	-400000
1388000202	0
1388000203	0
1390000000	0
1390000001	0
1390000002	1000000
1390000101	1000000
1390000102	0
1390000103	0
1390000104	-1000000
1390000201	-1000000
1390000202	0
1390000203	0
1392000000	0
1392000001	0
1392000002	-160000
1392000101	-160000
1392000102	0
1392000103	0
1394000000	0
1394000001	0
1394000002	-160000
1394000251	-160000
1394000252	0
1394000253	0
1396000000	0
1396000001	0
1396000002	160000
1396000101	160000
1396000102	0
1396000103	0
1396000104	-160000
1396000201	-160000
1396000202	0
1396000203	0
1398000000	0
1398000001	0
1398000002	-100000
1398000251	-100000
1398000252	0
1398000253	0
1400000000	0
1400000001	0
1400000002	160000
1400000251	160000
1400000252	0
1400000253	0
1400000254	-160000
1400000501	-160000
1400000502	0
1400000503	0
1402000000	0
1402000001	0
1402000002	100000
1402000101	100000
1402000102	0
1402000103	0
1402000104	-100000
1402000201	-100000
1402000202	0
1402000203	0
1404000000	0
1404000001	0
1404000002	-800000
1404000251	-800000
1404000252	0
1404000253	0
1406000000	0
1406000001	0
1406000002	-160000
1406000101	-160000
1406000102	0
1406000103	0
1408000000	0
1408000001	0
1408000002	160000
1408000251	160000
1408000252	0
1408000253	0
1408000254	-160000
1408000501	-160000
1408000502	0
1408000503	0
1410000000	0
1410000001	0
1410000002	-100000
1410000251	-100000
1410000252	0
1410000253	0
1412000000	0
1412000001	0
1412000002	600000
1412000101	600000
1412000102	0
1412000103	0
1412000104	-600000
1412000201	-600000
1412000202	0
1412000203	0
1414000000	0
1414000001	0
1414000002	-200000
1414000251	-200000
1414000252	0
1414000253	0
1416000000	0
1416000001	0
1416000002	-100000
1416000101	-100000
1416000102	0
1416000103	0
1418000000	0
1418000001	0
1418000002	160000
1418000101	160000
1418000102	0
1418000103	0
1418000104	-160000
1418000201	-160000
1418000202	0
1418000203	0
1420000000	0
1420000001	0
1420000002	400000
1420000251	400000
1420000252	0
1420000253	0
1420000254	-400000
1420000501	-400000
1420000502	0
1420000503	0
1422000000	0
1422000001	0
1422000002	1000000
1422000251	1000000
1422000252	0
1422000253	0
1422000254	-1000000
1422000501	-1000000
1422000502	0
1422000503	0
1424000000	0
1424000001	0
1424000002	400000
1424000101	400000
1424000102	0
1424000103	0
1424000104	-400000
1424000201	-400000
1424000202	0
1424000203	0
1426000000	0
1426000001	0
1426000002	800000
1426000101	800000
1426000102	0
1426000103	0
1426000104	-800000
1426000201	-800000
1426000202	0
1426000203	0
1428000000	0
1428000001	0
1428000002	-400000
1428000251	-400000
1428000252	0
1428000253	0
1430000000	0
1430000001	0
1430000002	-600000
1430000101	-600000
1430000102	0
1430000103	0
1432000000	0
1432000001	0
1432000002	100000
1432000251	100000
1432000252	0
1432000253	0
1432000254	-100000
1432000501	-100000
1432000502	0
1432000503	0
1434000000	0
1434000001	0
1434000002	200000
1434000101	200000
1434000102	0
1434000103	0
1434000104	-200000
1434000201	-200000
1434000202	0
1434000203	0
1436000000	0
1436000001	0
1436000002	1000000
1436000101	1000000
1436000102	0
1436000103	0
1436000104	-1000000
1436000201	-1000000
1436000202	0
1436000203	0
1438000000	0
1438000001	0
1438000002	-200000
1438000101	-200000
1438000102	0
1438000103	0
1440000000	0
1440000001	0
1440000002	-1000000
1440000101	-1000000
1440000102	0
1440000103	0
1442000000	0
1442000001	0
1442000002	-800000
1442000101	-800000
1442000102	0
1442000103	0
1444000000	0
1444000001	0
1444000002	800000
1444000251	800000
1444000252	0
1444000253	0
1444000254	-800000
1444000501	-800000
1444000502	0
1444000503	0
1446000000	0
1446000001	0
1446000002	200000
1446000251	200000
1446000252	0
1446000253	0
1446000254	-200000
1446000501	-200000
1446000502	0
1446000503	0
1448000000	0
1448000001	0
1448000002	600000
1448000251	600000
1448000252	0
1448000253	0
1448000254	-600000
1448000501	-600000
1448000502	0
1448000503	0
1450000000	0
1450000001	0
1450000002	-1000000
1450000251	-1000000
1450000252	0
1450000253	0
1452000000	0
1452000001	0
1452000002	-400000
1452000101	-400000
1452000102	0
1452000103	0
1454000000	0
1454000001	0
1454000002	-600000
1454000251	-600000
1454000252	0
1454000253	0
1456000000	0
1456000001	0
1456000002	-160000
1456000251	-160000
1456000252	0
1456000253	0
1458000000	0
1458000001	0
1458000002	100000
1458000101	100000
1458000102	0
1458000103	0
1458000104	-100000
1458000201	-100000
1458000202	0
1458000203	0
1460000000	0
1460000001	0
1460000002	800000
1460000101	800000
1460000102	0
1460000103	0
1460000104	-800000
1460000201	-800000
1460000202	0
1460000203	0
1462000000	0
1462000001	0
1462000002	-200000
1462000251	-200000
1462000252	0
1462000253	0
1464000000	0
1464000001	0
1464000002	-160000
1464000251	-160000
1464000252	0
1464000253	0
1466000000	0
1466000001	0
1466000002	1000000
1466000101	1000000
1466000102	0
1466000103	0
1466000104	-1000000
1466000201	-1000000
1466000202	0
1466000203	0
1468000000	0
1468000001	0
1468000002	800000
1468000251	800000
1468000252	0
1468000253	0
1468000254	-800000
1468000501	-800000
1468000502	0
1468000503	0
1470000000	0
1470000001	0
1470000002	600000
1470000251	600000
1470000252	0
1470000253	0
1470000254	-600000
1470000501	-600000
1470000502	0
1470000503	0
1472000000	0
1472000001	0
1472000002	-200000
1472000101	-200000
1472000102	0
1472000103	0
1474000000	0
1474000001	0
1474000002	100000
1474000251	100000
1474000252	0
1474000253	0
1474000254	-100000
1474000501	-100000
1474000502	0
1474000503	0
1476000000	0
1476000001	0
1476000002	400000
1476000251	400000
1476000252	0
1476000253	0
1476000254	-400000
1476000501	-400000
1476000502	0
1476000503	0
1478000000	0
1478000001	0
1478000002	-800000
1478000101	-800000
1478000102	0
1478000103	0
1480000000	0
1480000001	0
1480000002	-100000
1480000101	-100000
1480000102	0
1480000103	0
1482000000	0
1482000001	0
1482000002	-600000
1482000101	-600000
1482000102	0
1482000103	0
1484000000	0
1484000001	0
1484000002	-400000
1484000251	-400000
1484000252	0
1484000253	0
1486000000	0
1486000001	0
1486000002	1000000
1486000251	1000000
1486000252	0
1486000253	0
1486000254	-1000000
1486000501	-1000000
1486000502	0
1486000503	0
1488000000	0
1488000001	0
1488000002	200000
1488000101	200000
1488000102	0
1488000103	0
1488000104	-200000
1488000201	-200000
1488000202	0
1488000203	0
1490000000	0
1490000001	0
1490000002	-600000
1490000251	-600000
1490000252	0
1490000253	0
1492000000	0
1492000001	0
1492000002	160000
1492000251	160000
1492000252	0
1492000253	0
1492000254	-160000
1492000501	-160000
1492000502	0
1492000503	0
1494000000	0
1494000001	0
1494000002	-800000
1494000251	-800000
1494000252	0
1494000253	0
1496000000	0
1496000001	0
1496000002	160000
1496000101	160000
1496000102	0
1496000103	0
1496000104	-160000
1496000201	-160000
1496000202	0
1496000203	0
1498000000	0
1498000001	0
1498000002	-1000000
1498000251	-1000000
1498000252	0
1498000253	0
1500000000	0
1500000001	0
1500000002	-400000
1500000101	-400000
1500000102	0
1500000103	0
1502000000	0
1502000001	0
1502000002	200000
1502000251	200000
1502000252	0
1502000253	0
1502000254	-200000
1502000501	-200000
1502000502	0
1502000503	0
1504000000	0
1504000001	0
1504000002	-1000000
1504000101	-1000000
1504000102	0
1504000103	0
1506000000	0
1506000001	0
1506000002	-160000
1506000101	-160000
1506000102	0
1506000103	0
1508000000	0
1508000001	0
1508000002	400000
1508000101	400000
1508000102	0
1508000103	0
1508000104	-400000
1508000201	-400000
1508000202	0
1508000203	0
1510000000	0
1510000001	0
1510000002	600000
1510000101	600000
1510000102	0
1510000103	0
1510000104	-600000
1510000201	-600000
1510000202	0
1510000203	0
1512000000	0
1512000001	0
1512000002	-100000
1512000251	-100000
1512000252	0
1512000253	0
1514000000	0
1514000001	0
1514000002	100000
1514000101	100000
1514000102	0
1514000103	0
1514000104	-100000
1514000201	-100000
1514000202	0
1514000203	0
1516000000	0
1516000001	0
1516000002	160000
1516000101	160000
1516000102	0
1516000103	0
1516000104	-160000
1516000201	-160000
1516000202	0
1516000203	0
1518000000	0
1518000001	0
1518000002	600000
1518000251	600000
1518000252	0
1518000253	0
1518000254	-600000
1518000501	-600000
1518000502	0
1518000503	0
1520000000	0
1520000001	0
1520000002	800000
1520000251	800000
1520000252	0
1520000253	0
1520000254	-800000
1520000501	-800000
1520000502	0
1520000503	0
1522000000	0
1522000001	0
1522000002	100000
1522000251	100000
1522000252	0
1522000253	0
1522000254	-100000
1522000501	-100000
1522000502	0
1522000503	0
1524000000	0
1524000001	0
1524000002	-800000
1524000251	-800000
1524000252	0
1524000253	0
1526000000	0
1526000001	0
1526000002	-800000
1526000101	-800000
1526000102	0
1526000103	0
1528000000	0
1528000001	0
1528000002	-600000
1528000251	-600000
1528000252	0
1528000253	0
1530000000	0
1530000001	0
1530000002	-200000
1530000101	-200000
1530000102	0
1530000103	0
1532000000	0
1532000001	0
1532000002	-1000000
1532000251	-1000000
1532000252	0
1532000253	0
1534000000	0
1534000001	0
1534000002	-400000
1534000101	-400000
1534000102	0
1534000103	0
1536000000	0
1536000001	0
1536000002	-160000
1536000251	-160000
1536000252	0
1536000253	0
1538000000	0
1538000001	0
1538000002	200000
1538000101	200000
1538000102	0
1538000103	0
1538000104	-200000
1538000201	-200000
1538000202	0
1538000203	0
1540000000	0
1540000001	0
1540000002	-160000
1540000101	-160000
1540000102	0
1540000103	0
1542000000	0
1542000001	0
1542000002	400000
1542000251	400000
1542000252	0
1542000253	0
1542000254	-400000
1542000501	-400000
1542000502	0
1542000503	0
1544000000	0
1544000001	0
1544000002	200000
1544000251	200000
1544000252	0
1544000253	0
1544000254	-200000
1544000501	-200000
1544000502	0
1544000503	0
1546000000	0
1546000001	0
1546000002	-600000
1546000101	-600000
1546000102	0
1546000103	0
1548000000	0
1548000001	0
1548000002	1000000
1548000101	1000000
1548000102	0
1548000103	0
1548000104	-1000000
1548000201	-1000000
1548000202	0
1548000203	0
1550000000	0
1550000001	0
1550000002	-100000
1550000251	-100000
1550000252	0
1550000253	0
1552000000	0
1552000001	0
1552000002	-200000
1552000251	-200000
1552000252	0
1552000253	0
1554000000	0
1554000001	0
1554000002	-1000000
1554000101	-1000000
1554000102	0
1554000103	0
1556000000	0
1556000001	0
1556000002	160000
1556000251	160000
1556000252	0
1556000253	0
1556000254	-160000
1556000501	-160000
1556000502	0
1556000503	0
1558000000	0
1558000001	0
1558000002	400000
1558000101	400000
1558000102	0
1558000103	0
1558000104	-400000
1558000201	-400000
1558000202	0
1558000203	0
1560000000	0
1560000001	0
1560000002	600000
1560000101	600000
1560000102	0
1560000103	0
1560000104	-600000
1560000201	-600000
1560000202	0
1560000203	0
1562000000	0
1562000001	0
1562000002	1000000
1562000251	1000000
1562000252	0
1562000253	0
1562000254	-1000000
1562000501	-1000000
1562000502	0
1562000503	0
1564000000	0
1564000001	0
1564000002	-400000
1564000251	-400000
1564000252	0
1564000253	0
1566000000	0
1566000001	0
1566000002	-100000
1566000101	-100000
1566000102	0
1566000103	0
1568000000	0
1568000001	0
1568000002	800000
1568000101	800000
1568000102	0
1568000103	0
1568000104	-800000
1568000201	-800000
1568000202	0
1568000203	0
1570000000	0
1570000001	0
1570000002	100000
1570000101	100000
1570000102	0
1570000103	0
1570000104	-100000
1570000201	-100000
1570000202	0
1570000203	0
1572000000	0
1572000001	0
1572000002	160000
1572000251	160000
1572000252	0
1572000253	0
1572000254	-160000
1572000501	-160000
1572000502	0
1572000503	0
1574000000	0
1574000001	0
1574000002	-100000
1574000101	-100000
1574000102	0
1574000103	0
1576000000	0
1576000001	0
1576000002	200000
1576000251	200000
1576000252	0
1576000253	0
1576000254	-200000
1576000501	-200000
1576000502	0
1576000503	0
1578000000	0
1578000001	0
1578000002	-200000
1578000101	-200000
1578000102	0
1578000103	0
1580000000	0
1580000001	0
1580000002	800000
1580000251	800000
1580000252	0
1580000253	0
1580000254	-800000
1580000501	-800000
1580000502	0
1580000503	0
1582000000	0
1582000001	0
1582000002	-200000
1582000251	-200000
1582000252	0
1582000253	0
1584000000	0
1584000001	0
1584000002	-400000
1584000251	-400000
1584000252	0
1584000253	0
1586000000	0
1586000001	0
1586000002	400000
1586000251	400000
1586000252	0
1586000253	0
1586000254	-400000
1586000501	-400000
1586000502	0
1586000503	0
1588000000	0
1588000001	0
1588000002	1000000
1588000251	1000000
1588000252	0
1588000253	0
1588000254	-1000000
1588000501	-1000000
1588000502	0
1588000503	0
1590000000	0
1590000001	0
1590000002	800000
1590000101	800000
1590000102	0
1590000103	0
1590000104	-800000
1590000201	-800000
1590000202	0
1590000203	0
1592000000	0
1592000001	0
1592000002	-1000000
1592000251	-1000000
1592000252	0
1592000253	0
1594000000	0
1594000001	0
1594000002	-600000
1594000101	-600000
1594000102	0
1594000103	0
1596000000	0
1596000001	0
1596000002	100000
1596000251	100000
1596000252	0
1596000253	0
1596000254	-100000
1596000501	-100000
1596000502	0
1596000503	0
1598000000	0
1598000001	0
1598000002	-800000
1598000101	-800000
1598000102	0
1598000103	0
1600000000	0
1600000001	0
1600000002	-160000
1600000101	-160000
1600000102	0
1600000103	0
1602000000	0
1602000001	0
1602000002	-800000
1602000251	-800000
1602000252	0
1602000253	0
1604000000	0
1604000001	0
1604000002	-400000
1604000101	-400000
1604000102	0
1604000103	0
1606000000	0
1606000001	0
1606000002	-160000
1606000251	-160000
1606000252	0
1606000253	0
1608000000	0
1608000001	0
1608000002	400000
1608000101	400000
1608000102	0
1608000103	0
1608000104	-400000
1608000201	-400000
1608000202	0
1608000203	0
1610000000	0
1610000001	0
1610000002	1000000
1610000101	1000000
1610000102	0
1610000103	0
1610000104	-1000000
1610000201	-1000000
1610000202	0
1610000203	0
1612000000	0
1612000001	0
1612000002	-600000
1612000251	-600000
1612000252	0
1612000253	0
1614000000	0
1614000001	0
1614000002	600000
1614000101	600000
1614000102	0
1614000103	0
1614000104	-600000
1614000201	-600000
1614000202	0
1614000203	0
1616000000	0
1616000001	0
1616000002	160000
1616000101	160000
1616000102	0
1616000103	0
1616000104	-160000
1616000201	-160000
1616000202	0
1616000203	0
1618000000	0
1618000001	0
1618000002	-1000000
1618000101	-1000000
1618000102	0
1618000103	0
1620000000	0
1620000001	0
1620000002	-100000
1620000251	-100000
1620000252	0
1620000253	0
1622000000	0
1622000001	0
1622000002	200000
1622000101	200000
1622000102	0
1622000103	0
1622000104	-200000
1622000201	-200000
1622000202	0
1622000203	0
1624000000	0
1624000001	0
1624000002	600000
1624000251	600000
1624000252	0
1624000253	0
1624000254	-600000
1624000501	-600000
1624000502	0
1624000503	0
1626000000	0
1626000001	0
1626000002	100000
1626000101	100000
1626000102	0
1626000103	0
1626000104	-100000
1626000201	-100000
1626000202	0
1626000203	0
1628000000	0
1628000001	0
1628000002	160000
1628000101	160000
1628000102	0
1628000103	0
1628000104	-160000
1628000201	-160000
1628000202	0
1628000203	0
1630000000	0
1630000001	0
1630000002	-800000
1630000101	-800000
1630000102	0
1630000103	0
1632000000	0
1632000001	0
1632000002	-160000
1632000101	-160000
1632000102	0
1632000103	0
1634000000	0
1634000001	0
1634000002	-600000
1634000251	-600000
1634000252	0
1634000253	0
1636000000	0
1636000001	0
1636000002	1000000
1636000101	1000000
1636000102	0
1636000103	0
1636000104	-1000000
1636000201	-1000000
1636000202	0
1636000203	0
1638000000	0
1638000001	0
1638000002	-100000
1638000101	-100000
1638000102	0
1638000103	0
1640000000	0
1640000001	0
1640000002	600000
1640000251	600000
1640000252	0
1640000253	0
1640000254	-600000
1640000501	-600000
1640000502	0
1640000503	0
1642000000	0
1642000001	0
1642000002	800000
1642000251	800000
1642000252	0
1642000253	0
1642000254	-800000
1642000501	-800000
1642000502	0
1642000503	0
1644000000	0
1644000001	0
1644000002	-200000
1644000101	-200000
1644000102	0
1644000103	0
1646000000	0
1646000001	0
1646000002	-1000000
1646000251	-1000000
1646000252	0
1646000253	0
1648000000	0
1648000001	0
1648000002	-800000
1648000251	-800000
1648000252	0
1648000253	0
1650000000	0
1650000001	0
1650000002	100000
1650000251	100000
1650000252	0
1650000253	0
1650000254	-100000
1650000501	-100000
1650000502	0
1650000503	0
1652000000	0
1652000001	0
1652000002	-200000
1652000251	-200000
1652000252	0
1652000253	0
1654000000	0
1654000001	0
1654000002	600000
1654000101	600000
1654000102	0
1654000103	0
1654000104	-600000
1654000201	-600000
1654000202	0
1654000203	0
1656000000	0
1656000001	0
1656000002	-400000
1656000251	-400000
1656000252	0
1656000253	0
1658000000	0
1658000001	0
1658000002	-400000
1658000101	-400000
1658000102	0
1658000103	0
1660000000	0
1660000001	0
1660000002	200000
1660000101	200000
1660000102	0
1660000103	0
1660000104	-200000
1660000201	-200000
1660000202	0
1660000203	0
1662000000	0
1662000001	0
1662000002	1000000
1662000251	1000000
1662000252	0
1662000253	0
1662000254	-1000000
1662000501	-1000000
1662000502	0
1662000503	0
1664000000	0
1664000001	0
1664000002	400000
1664000251	400000
1664000252	0
1664000253	0
1664000254	-400000
1664000501	-400000
1664000502	0
1664000503	0
1666000000	0
1666000001	0
1666000002	400000
1666000101	400000
1666000102	0
1666000103	0
1666000104	-400000
1666000201	-400000
1666000202	0
1666000203	0
1668000000	0
1668000001	0
1668000002	800000
1668000101	800000
1668000102	0
1668000103	0
1668000104	-800000
1668000201	-800000
1668000202	0
1668000203	0
1670000000	0
1670000001	0
1670000002	-100000
1670000251	-100000
1670000252	0
1670000253	0
1672000000	0
1672000001	0
1672000002	-160000
1672000251	-160000
1672000252	0
1672000253	0
1674000000	0
1674000001	0
1674000002	-1000000
1674000101	-1000000
1674000102	0
1674000103	0
1676000000	0
1676000001	0
1676000002	-600000
1676000101	-600000
1676000102	0
1676000103	0
1678000000	0
1678000001	0
1678000002	160000
1678000251	160000
1678000252	0
1678000253	0
1678000254	-160000
1678000501	-160000
1678000502	0
1678000503	0
1680000000	0
1680000001	0
1680000002	200000
1680000251	200000
1680000252	0
1680000253	0
1680000254	-200000
1680000501	-200000
1680000502	0
1680000503	0
